113 203 56 57 113 
114 203 55 58 114 
115 203 54 59 115 
116 203 53 60 116 
117 203 52 61 117 
118 203 51 62 118 
119 203 50 63 119 
120 203 49 64 120 
121 203 65 48 121 
122 203 66 67 122 
123 203 47 68 123 
124 203 69 46 124 
125 203 70 45 125 
126 203 71 72 126 
127 203 44 73 127 
128 203 74 43 128 
129 203 75 76 129 
130 203 42 77 130 
131 203 77 41 131 
132 203 41 78 132 
133 203 78 40 133 
134 203 79 39 134 
135 203 80 38 135 
136 203 81 37 136 
137 203 82 36 137 
138 203 83 35 138 
139 203 35 84 138 
140 203 84 34 139 
141 203 34 85 139 
142 203 85 33 140 
143 203 33 86 140 
144 203 86 32 141 
145 203 87 31 142 
146 203 88 30 143 
147 203 89 29 144 
148 203 90 28 145 
149 203 91 27 146 
150 203 92 26 147 
151 203 93 25 148 
152 203 94 24 149 
153 203 95 23 150 
154 203 23 96 151 
155 203 96 22 152 
156 203 151 96 152 
157 203 22 21 152 
158 203 21 20 153 
159 203 97 19 154 
160 203 98 18 155 
161 203 18 99 155 
162 203 99 17 156 
163 203 17 100 156 
164 203 100 16 157 
165 203 16 101 158 
166 203 101 15 159 
167 203 158 101 159 
168 203 15 102 159 
169 203 102 14 160 
170 203 14 13 161 
171 203 12 103 162 
172 203 11 104 163 
173 203 10 105 164 
174 203 105 9 165 
175 203 106 8 166 
176 203 107 7 167 
177 203 7 6 168 
178 203 6 108 169 
179 203 5 109 170 
180 203 109 4 171 
181 203 170 109 171 
182 203 4 110 171 
183 203 110 3 172 
184 203 111 2 173 
185 203 112 1 174 
186 203 57 55 175 
187 203 58 54 176 
188 203 59 53 177 
189 203 60 52 178 
190 203 116 60 178 
191 203 52 117 178 
192 203 61 51 179 
193 203 50 119 180 
194 203 62 50 180 
195 203 63 49 181 
196 203 64 65 182 
197 203 48 66 183 
198 203 67 47 184 
199 203 122 67 184 
200 203 47 123 184 
201 203 68 69 185 
202 203 70 125 186 
203 203 46 70 186 
204 203 45 71 187 
205 203 72 44 188 
206 203 73 74 189 
207 203 43 75 190 
208 203 76 42 191 
209 203 77 131 130 
210 203 41 132 131 
211 203 78 133 132 
212 203 40 79 192 
213 203 39 80 193 
214 203 38 81 194 
215 203 37 82 195 
216 203 36 83 196 
217 203 138 84 139 
218 203 85 140 139 
219 203 86 141 140 
220 203 32 87 197 
221 203 31 88 198 
222 203 30 89 199 
223 203 29 90 200 
224 203 28 91 201 
225 203 27 92 202 
226 203 146 27 202 
227 203 92 147 202 
228 203 26 93 203 
229 203 25 94 204 
230 203 24 95 205 
231 203 23 151 206 
232 203 154 19 207 
233 203 19 98 207 
234 203 21 153 152 
235 203 20 97 208 
236 203 98 155 207 
237 203 155 99 156 
238 203 100 157 156 
239 203 157 16 209 
240 203 16 158 209 
241 203 102 160 159 
242 203 14 161 160 
243 203 12 162 210 
244 203 13 12 210 
245 203 11 163 211 
246 203 103 11 211 
247 203 104 10 212 
248 203 105 165 164 
249 203 106 166 213 
250 203 9 106 213 
251 203 8 107 214 
252 203 7 168 167 
253 203 6 169 168 
254 203 108 5 215 
255 203 110 172 171 
256 203 3 111 216 
257 203 172 3 216 
258 203 111 173 216 
259 203 2 112 217 
260 203 57 175 113 
261 203 1 56 113 
262 203 1 113 174 
263 203 114 58 176 
264 203 115 59 177 
265 203 179 51 118 
266 203 117 61 179 
267 203 118 62 180 
268 203 119 63 181 
269 203 120 64 182 
270 203 121 48 183 
271 203 185 69 124 
272 203 123 68 185 
273 203 124 46 186 
274 203 125 45 187 
275 203 126 72 188 
276 203 127 73 189 
277 203 128 43 190 
278 203 129 76 191 
279 203 40 192 133 
280 203 134 39 193 
281 203 135 38 194 
282 203 136 37 195 
283 203 137 36 196 
284 203 142 31 198 
285 203 143 30 199 
286 203 144 29 200 
287 203 145 28 201 
288 203 203 93 148 
289 203 147 26 203 
290 203 148 25 204 
291 203 149 24 205 
292 203 150 23 206 
293 203 153 20 208 
294 203 104 212 163 
295 203 162 103 211 
296 203 8 214 166 
297 203 165 9 213 
298 203 108 215 169 
299 203 217 112 174 
300 203 175 55 114 
301 203 176 54 115 
302 203 177 53 116 
303 203 182 65 121 
304 203 183 66 122 
305 203 188 44 127 
306 203 189 74 128 
307 203 190 75 129 
308 203 191 42 130 
309 203 195 82 137 
310 203 196 83 138 
311 203 200 90 145 
312 203 201 91 146 
313 203 205 95 150 
314 203 181 49 120 
315 203 187 71 126 
316 203 194 81 136 
317 203 193 80 135 
318 203 192 79 134 
319 203 199 89 144 
320 203 198 88 143 
321 203 197 87 142 
322 203 32 197 141 
323 203 204 94 149 
324 203 208 97 154 
325 203 13 210 161 
326 203 212 10 164 
327 203 214 107 167 
328 203 215 5 170 
329 203 2 217 173 
330 203 176 115 218 
331 203 177 116 219 
332 203 179 118 220 
333 203 182 121 221 
334 203 180 119 222 
335 203 117 179 223 
336 203 179 220 223 
337 203 120 182 224 
338 203 182 221 224 
339 203 187 126 225 
340 203 183 122 226 
341 203 185 124 227 
342 203 188 127 228 
343 203 186 125 229 
344 203 123 185 230 
345 203 185 227 230 
346 203 126 188 231 
347 203 225 126 231 
348 203 188 228 231 
349 203 125 187 232 
350 203 229 125 232 
351 203 187 225 232 
352 203 194 136 233 
353 203 189 128 234 
354 203 190 129 235 
355 203 191 130 236 
356 203 133 192 237 
357 203 195 137 238 
358 203 199 144 239 
359 203 135 194 240 
360 203 194 233 240 
361 203 136 195 241 
362 203 195 238 241 
363 203 193 135 242 
364 203 135 240 242 
365 203 196 138 243 
366 203 142 198 244 
367 203 200 145 245 
368 203 140 141 246 
369 203 204 149 247 
370 203 143 199 248 
371 203 199 239 248 
372 203 197 142 249 
373 203 142 244 249 
374 203 144 200 250 
375 203 200 245 250 
376 203 198 143 251 
377 203 244 198 251 
378 203 143 248 251 
379 203 201 146 252 
380 203 203 148 253 
381 203 205 150 254 
382 203 148 204 255 
383 203 204 247 255 
384 203 147 203 256 
385 203 203 253 256 
386 203 149 205 257 
387 203 205 254 257 
388 203 208 154 258 
389 203 150 206 259 
390 203 181 120 260 
391 203 120 224 260 
392 203 153 208 261 
393 203 208 258 261 
394 203 151 152 262 
395 203 161 210 263 
396 203 207 155 264 
397 203 159 160 265 
398 203 158 159 265 
399 203 212 164 266 
400 203 210 162 267 
401 203 211 163 268 
402 203 166 214 269 
403 203 214 167 269 
404 203 213 166 270 
405 203 166 269 270 
406 203 169 215 271 
407 203 167 168 272 
408 203 173 217 273 
409 203 171 172 274 
410 203 170 171 274 
411 203 175 114 275 
412 203 113 175 276 
413 203 174 113 276 
414 203 175 275 276 
415 203 131 132 277 
416 203 132 133 278 
417 203 277 132 278 
418 203 133 237 278 
419 203 134 193 279 
420 203 193 242 279 
421 203 139 140 280 
422 203 140 246 280 
423 203 163 212 281 
424 203 268 163 281 
425 203 212 266 281 
426 203 156 157 282 
427 203 160 161 283 
428 203 161 263 283 
429 203 162 211 284 
430 203 267 162 284 
431 203 211 268 284 
432 203 165 213 285 
433 203 213 270 285 
434 203 168 169 286 
435 203 169 271 286 
436 203 217 174 276 
437 203 114 176 287 
438 203 275 114 287 
439 203 176 218 287 
440 203 206 151 288 
441 203 155 156 289 
442 203 264 155 289 
443 203 156 282 289 
444 203 115 177 290 
445 203 136 241 233 
446 203 180 222 291 
447 203 118 180 291 
448 203 119 181 292 
449 203 121 183 293 
450 203 186 229 294 
451 203 124 186 294 
452 203 234 128 295 
453 203 128 190 295 
454 203 239 144 250 
455 203 127 189 296 
456 203 190 235 295 
457 203 129 191 297 
458 203 130 131 298 
459 203 236 130 298 
460 203 131 277 298 
461 203 238 137 299 
462 203 137 196 299 
463 203 299 196 243 
464 203 192 134 300 
465 203 127 296 228 
466 203 138 139 301 
467 203 119 292 222 
468 203 138 301 243 
469 203 227 124 294 
470 203 141 197 302 
471 203 253 148 255 
472 203 145 201 303 
473 203 149 257 247 
474 203 151 262 288 
475 203 145 303 245 
476 203 226 122 304 
477 203 122 184 304 
478 203 258 154 305 
479 203 154 207 305 
480 203 150 259 254 
481 203 181 260 292 
482 203 207 264 305 
483 203 115 290 218 
484 203 152 153 306 
485 203 209 158 307 
486 203 158 265 307 
487 203 266 164 285 
488 203 210 267 263 
489 203 165 285 164 
490 203 217 276 273 
491 203 269 167 308 
492 203 167 272 308 
493 203 221 121 293 
494 203 271 215 309 
495 203 215 170 309 
496 203 220 118 291 
497 203 219 116 310 
498 203 116 178 310 
499 203 206 288 311 
500 203 216 173 312 
501 203 173 273 312 
502 203 152 306 262 
503 203 160 283 265 
504 203 274 172 313 
505 203 272 168 286 
506 203 172 216 313 
507 203 282 157 314 
508 203 157 209 314 
509 203 178 117 315 
510 203 310 178 315 
511 203 117 223 315 
512 203 290 177 219 
513 203 184 123 316 
514 203 304 184 316 
515 203 123 230 316 
516 203 259 206 311 
517 203 246 141 302 
518 203 202 147 317 
519 203 147 256 317 
520 203 293 183 226 
521 203 129 297 235 
522 203 296 189 234 
523 203 297 191 236 
524 203 300 134 279 
525 203 192 300 237 
526 203 301 139 280 
527 203 302 197 249 
528 203 303 201 252 
529 203 306 153 261 
530 203 233 241 318 
531 203 291 222 319 
532 203 246 302 320 
533 203 305 264 321 
534 203 290 219 322 
535 203 224 221 323 
536 203 271 309 324 
537 203 240 233 325 
538 203 233 318 325 
539 203 235 297 326 
540 203 234 295 327 
541 203 258 305 328 
542 203 305 321 328 
543 203 259 311 329 
544 203 296 234 330 
545 203 234 327 330 
546 203 295 235 331 
547 203 327 295 331 
548 203 235 326 331 
549 203 239 250 332 
550 203 300 279 333 
551 203 237 300 334 
552 203 300 333 334 
553 203 303 252 335 
554 203 301 280 336 
555 203 241 238 337 
556 203 318 241 337 
557 203 238 299 337 
558 203 228 296 338 
559 203 296 330 338 
560 203 242 240 339 
561 203 240 325 339 
562 203 227 294 340 
563 203 230 227 341 
564 203 227 340 341 
565 203 293 226 342 
566 203 306 261 343 
567 203 253 255 344 
568 203 249 244 345 
569 203 247 257 346 
570 203 146 202 347 
571 203 256 253 348 
572 203 253 344 348 
573 203 218 290 349 
574 203 290 322 349 
575 203 261 258 350 
576 203 343 261 350 
577 203 258 328 350 
578 203 265 283 351 
579 203 254 259 352 
580 203 223 220 353 
581 203 266 285 354 
582 203 209 307 355 
583 203 307 265 356 
584 203 265 351 356 
585 203 263 267 357 
586 203 243 301 336 
587 203 309 170 274 
588 203 270 269 358 
589 203 269 308 358 
590 203 273 276 275 
591 203 221 293 359 
592 203 323 221 359 
593 203 293 342 359 
594 203 220 291 360 
595 203 353 220 360 
596 203 291 319 360 
597 203 262 306 343 
598 203 311 288 361 
599 203 245 303 362 
600 203 303 335 362 
601 203 347 202 317 
602 203 279 242 363 
603 203 333 279 363 
604 203 242 339 363 
605 203 280 246 364 
606 203 336 280 364 
607 203 246 320 364 
608 203 283 263 365 
609 203 263 357 365 
610 203 272 286 366 
611 203 273 275 367 
612 203 286 271 368 
613 203 366 286 368 
614 203 271 324 368 
615 203 294 229 369 
616 203 313 216 312 
617 203 285 270 370 
618 203 354 285 370 
619 203 270 358 370 
620 203 274 313 371 
621 203 260 224 372 
622 203 224 323 372 
623 203 255 247 373 
624 203 344 255 373 
625 203 247 346 373 
626 203 292 260 374 
627 203 260 372 374 
628 203 248 239 375 
629 203 239 332 375 
630 203 288 262 376 
631 203 361 288 376 
632 203 262 343 376 
633 203 252 146 347 
634 203 309 274 377 
635 203 324 309 377 
636 203 274 371 377 
637 203 252 347 378 
638 203 283 365 351 
639 203 259 329 352 
640 203 294 369 340 
641 203 232 225 379 
642 203 326 297 380 
643 203 297 236 380 
644 203 229 232 381 
645 203 369 229 381 
646 203 232 379 381 
647 203 329 311 382 
648 203 231 228 383 
649 203 228 338 383 
650 203 298 277 384 
651 203 378 347 385 
652 203 347 317 385 
653 203 236 298 386 
654 203 380 236 386 
655 203 298 384 386 
656 203 335 252 378 
657 203 302 249 387 
658 203 322 219 388 
659 203 219 310 388 
660 203 299 243 389 
661 203 337 299 389 
662 203 243 336 389 
663 203 321 264 390 
664 203 264 289 390 
665 203 268 281 391 
666 203 222 292 392 
667 203 342 226 393 
668 203 226 304 393 
669 203 311 361 382 
670 203 320 302 387 
671 203 249 345 387 
672 203 292 374 392 
673 203 250 245 394 
674 203 251 248 395 
675 203 248 375 395 
676 203 319 222 392 
677 203 257 254 396 
678 203 254 352 396 
679 203 267 284 397 
680 203 209 355 314 
681 203 307 356 355 
682 203 357 267 397 
683 203 371 313 398 
684 203 308 272 399 
685 203 272 366 399 
686 203 312 273 367 
687 203 245 362 394 
688 203 346 257 396 
689 203 275 287 367 
690 203 278 237 400 
691 203 237 334 400 
692 203 277 278 401 
693 203 384 277 401 
694 203 278 400 401 
695 203 281 266 402 
696 203 391 281 402 
697 203 266 354 402 
698 203 284 268 403 
699 203 397 284 403 
700 203 268 391 403 
701 203 313 312 398 
702 203 287 218 404 
703 203 218 349 404 
704 203 289 282 405 
705 203 390 289 405 
706 203 282 314 405 
707 203 315 223 406 
708 203 223 353 406 
709 203 316 230 407 
710 203 230 341 407 
711 203 317 256 408 
712 203 385 317 408 
713 203 256 348 408 
714 203 250 394 332 
715 203 304 316 409 
716 203 316 407 409 
717 203 351 365 410 
718 203 379 225 411 
719 203 326 380 412 
720 203 225 231 411 
721 203 325 318 413 
722 203 392 374 414 
723 203 318 337 415 
724 203 337 389 415 
725 203 341 340 416 
726 203 339 325 417 
727 203 325 413 417 
728 203 329 382 418 
729 203 244 251 419 
730 203 367 287 404 
731 203 346 396 420 
732 203 371 398 421 
733 203 365 357 422 
734 203 332 394 423 
735 203 349 322 424 
736 203 314 355 425 
737 203 338 330 426 
738 203 310 315 427 
739 203 315 406 427 
740 203 362 335 428 
741 203 356 351 429 
742 203 351 410 429 
743 203 348 344 430 
744 203 358 308 431 
745 203 308 399 431 
746 203 352 329 432 
747 203 387 345 433 
748 203 419 251 395 
749 203 320 387 434 
750 203 387 433 434 
751 203 394 362 435 
752 203 362 428 435 
753 203 345 244 419 
754 203 355 356 436 
755 203 372 323 437 
756 203 319 392 438 
757 203 392 414 438 
758 203 374 372 439 
759 203 414 374 439 
760 203 372 437 439 
761 203 357 397 440 
762 203 334 333 441 
763 203 375 332 442 
764 203 332 423 442 
765 203 382 361 443 
766 203 328 321 444 
767 203 379 411 445 
768 203 411 231 383 
769 203 410 365 422 
770 203 329 418 432 
771 203 388 310 427 
772 203 353 360 446 
773 203 381 379 447 
774 203 379 445 447 
775 203 327 331 448 
776 203 312 367 449 
777 203 413 318 415 
778 203 383 338 450 
779 203 338 426 450 
780 203 304 409 393 
781 203 402 354 451 
782 203 331 326 452 
783 203 448 331 452 
784 203 326 412 452 
785 203 378 385 453 
786 203 369 381 454 
787 203 381 447 454 
788 203 364 320 434 
789 203 386 384 455 
790 203 380 386 456 
791 203 412 380 456 
792 203 386 455 456 
793 203 360 319 457 
794 203 389 336 458 
795 203 415 389 458 
796 203 336 364 458 
797 203 418 382 459 
798 203 355 436 425 
799 203 403 391 460 
800 203 461 449 404 
801 203 367 404 449 
802 203 404 349 461 
803 203 420 396 462 
804 203 396 352 462 
805 203 342 393 463 
806 203 433 345 464 
807 203 345 419 464 
808 203 395 375 465 
809 203 375 442 465 
810 203 371 421 377 
811 203 324 377 466 
812 203 382 443 459 
813 203 349 424 461 
814 203 314 425 405 
815 203 350 328 467 
816 203 328 444 467 
817 203 340 369 468 
818 203 397 403 469 
819 203 403 460 469 
820 203 353 446 470 
821 203 399 366 471 
822 203 356 429 436 
823 203 321 390 444 
824 203 430 344 472 
825 203 344 373 472 
826 203 352 432 462 
827 203 353 470 406 
828 203 359 342 473 
829 203 342 463 473 
830 203 424 322 474 
831 203 322 388 474 
832 203 394 435 423 
833 203 335 378 475 
834 203 419 395 476 
835 203 464 419 476 
836 203 395 465 476 
837 203 354 370 451 
838 203 363 339 477 
839 203 339 417 477 
840 203 422 357 440 
841 203 400 334 478 
842 203 334 441 478 
843 203 368 324 479 
844 203 324 466 479 
845 203 391 402 480 
846 203 402 451 480 
847 203 323 359 481 
848 203 437 323 481 
849 203 359 473 481 
850 203 366 368 482 
851 203 471 366 482 
852 203 368 479 482 
853 203 370 358 483 
854 203 358 431 483 
855 203 440 397 469 
856 203 407 341 484 
857 203 341 416 484 
858 203 319 438 457 
859 203 441 333 485 
860 203 333 363 485 
861 203 408 348 486 
862 203 348 430 486 
863 203 373 346 487 
864 203 472 373 487 
865 203 346 420 487 
866 203 445 411 488 
867 203 411 383 488 
868 203 443 361 489 
869 203 376 343 490 
870 203 343 350 490 
871 203 340 468 416 
872 203 330 327 491 
873 203 391 480 460 
874 203 327 448 491 
875 203 378 453 475 
876 203 369 454 468 
877 203 455 384 492 
878 203 384 401 492 
879 203 330 491 426 
880 203 335 475 428 
881 203 489 361 376 
882 203 443 489 493 
883 203 457 438 494 
884 203 446 360 457 
885 203 416 468 495 
886 203 462 432 496 
887 203 364 434 458 
888 203 413 415 497 
889 203 415 458 497 
890 203 410 422 498 
891 203 418 459 499 
892 203 426 491 500 
893 203 423 435 501 
894 203 438 414 502 
895 203 405 425 503 
896 203 422 440 504 
897 203 425 436 505 
898 203 385 408 506 
899 203 453 385 506 
900 203 408 486 506 
901 203 409 407 507 
902 203 407 484 507 
903 203 463 393 508 
904 203 393 409 508 
905 203 433 464 509 
906 203 431 399 510 
907 203 429 410 511 
908 203 410 498 511 
909 203 390 405 503 
910 203 466 377 421 
911 203 427 406 512 
912 203 406 470 512 
913 203 432 418 513 
914 203 459 443 514 
915 203 443 493 514 
916 203 469 460 515 
917 203 461 424 516 
918 203 470 446 517 
919 203 428 475 518 
920 203 399 471 510 
921 203 436 429 519 
922 203 489 376 490 
923 203 440 469 520 
924 203 388 427 521 
925 203 474 388 521 
926 203 427 512 521 
927 203 442 423 522 
928 203 423 501 522 
929 203 401 400 523 
930 203 492 401 523 
931 203 400 478 523 
932 203 480 451 524 
933 203 421 398 516 
934 203 434 433 525 
935 203 433 509 525 
936 203 435 428 526 
937 203 501 435 526 
938 203 428 518 526 
939 203 451 370 483 
940 203 417 413 527 
941 203 420 462 528 
942 203 460 480 529 
943 203 480 524 529 
944 203 398 312 449 
945 203 446 457 530 
946 203 517 446 530 
947 203 457 494 530 
948 203 466 421 531 
949 203 516 424 532 
950 203 516 398 461 
951 203 421 516 531 
952 203 432 513 496 
953 203 469 515 520 
954 203 447 445 533 
955 203 532 424 474 
956 203 495 468 534 
957 203 468 454 534 
958 203 462 496 528 
959 203 458 434 497 
960 203 500 491 535 
961 203 491 448 535 
962 203 498 422 504 
963 203 450 426 536 
964 203 426 500 536 
965 203 452 412 537 
966 203 409 507 508 
967 203 418 499 513 
968 203 363 477 485 
969 203 448 452 538 
970 203 452 537 538 
971 203 454 447 539 
972 203 534 454 539 
973 203 447 533 539 
974 203 524 451 483 
975 203 456 455 540 
976 203 499 459 541 
977 203 459 514 541 
978 203 412 456 542 
979 203 537 412 542 
980 203 456 540 542 
981 203 413 497 527 
982 203 437 481 543 
983 203 383 450 488 
984 203 438 502 494 
985 203 516 532 531 
986 203 453 506 544 
987 203 436 519 505 
988 203 518 475 545 
989 203 475 453 545 
990 203 509 464 546 
991 203 464 476 546 
992 203 431 510 547 
993 203 465 442 548 
994 203 442 522 548 
995 203 512 470 549 
996 203 470 517 549 
997 203 515 460 529 
998 203 483 431 547 
999 203 453 544 545 
1000 203 467 444 550 
1001 203 463 508 551 
1002 203 510 471 552 
1003 203 519 429 553 
1004 203 429 511 553 
1005 203 473 463 554 
1006 203 463 551 554 
1007 203 477 417 555 
1008 203 417 527 555 
1009 203 478 441 556 
1010 203 479 466 557 
1011 203 466 531 557 
1012 203 434 525 497 
1013 203 444 390 558 
1014 203 350 467 490 
1015 203 484 416 559 
1016 203 416 495 559 
1017 203 504 440 520 
1018 203 448 538 535 
1019 203 439 437 560 
1020 203 437 543 560 
1021 203 486 430 561 
1022 203 487 420 562 
1023 203 420 528 562 
1024 203 493 489 550 
1025 203 503 425 563 
1026 203 425 505 563 
1027 203 444 558 550 
1028 203 533 445 564 
1029 203 445 488 564 
1030 203 540 455 565 
1031 203 455 492 565 
1032 203 552 471 566 
1033 203 471 482 566 
1034 203 556 441 567 
1035 203 441 485 567 
1036 203 561 430 568 
1037 203 430 472 568 
1038 203 497 525 527 
1039 203 532 474 569 
1040 203 500 535 570 
1041 203 507 484 571 
1042 203 484 559 571 
1043 203 508 507 572 
1044 203 507 571 572 
1045 203 538 537 573 
1046 203 414 439 574 
1047 203 488 450 575 
1048 203 564 488 575 
1049 203 450 536 575 
1050 203 544 506 576 
1051 203 506 486 576 
1052 203 520 515 577 
1053 203 390 503 558 
1054 203 505 519 578 
1055 203 498 504 579 
1056 203 513 499 580 
1057 203 547 510 581 
1058 203 461 398 449 
1059 203 514 493 582 
1060 203 504 520 583 
1061 203 485 477 584 
1062 203 477 555 584 
1063 203 551 508 572 
1064 203 495 534 585 
1065 203 510 552 581 
1066 203 472 487 586 
1067 203 568 472 586 
1068 203 487 562 586 
1069 203 489 490 467 
1070 203 524 483 547 
1071 203 494 502 587 
1072 203 522 501 588 
1073 203 476 465 589 
1074 203 546 476 589 
1075 203 465 548 589 
1076 203 528 496 590 
1077 203 531 532 591 
1078 203 557 531 591 
1079 203 532 569 591 
1080 203 545 544 592 
1081 203 496 513 593 
1082 203 574 439 560 
1083 203 481 473 594 
1084 203 543 481 594 
1085 203 473 554 594 
1086 203 529 524 595 
1087 203 486 561 576 
1088 203 493 550 596 
1089 203 582 493 596 
1090 203 550 558 596 
1091 203 511 498 597 
1092 203 498 579 597 
1093 203 482 479 598 
1094 203 566 482 598 
1095 203 479 557 598 
1096 203 518 545 599 
1097 203 545 592 599 
1098 203 489 467 550 
1099 203 414 574 502 
1100 203 535 538 600 
1101 203 538 573 600 
1102 203 527 525 601 
1103 203 569 474 521 
1104 203 565 492 602 
1105 203 492 523 602 
1106 203 541 514 603 
1107 203 543 594 604 
1108 203 527 601 555 
1109 203 517 530 605 
1110 203 536 500 606 
1111 203 500 570 606 
1112 203 573 537 607 
1113 203 537 542 607 
1114 203 539 533 608 
1115 203 580 499 609 
1116 203 499 541 609 
1117 203 579 504 583 
1118 203 592 544 610 
1119 203 544 576 610 
1120 203 548 522 692 
1121 203 522 588 692 
1122 203 577 515 611 
1123 203 515 529 611 
1124 203 558 503 563 
1125 203 578 519 612 
1126 203 519 553 612 
1127 203 511 597 553 
1128 203 513 580 593 
1129 203 514 582 603 
1130 203 590 496 593 
1131 203 549 517 613 
1132 203 517 605 613 
1133 203 529 595 611 
1134 203 583 520 577 
1135 203 485 584 567 
1136 203 585 534 614 
1137 203 534 539 614 
1138 203 551 572 615 
1139 203 552 566 616 
1140 203 581 552 617 
1141 203 552 616 617 
1142 203 558 563 596 
1143 203 554 551 618 
1144 203 551 615 618 
1145 203 588 501 619 
1146 203 501 526 619 
1147 203 540 565 620 
1148 203 587 502 621 
1149 203 525 509 601 
1150 203 523 478 622 
1151 203 602 523 622 
1152 203 478 556 622 
1153 203 521 512 623 
1154 203 512 549 623 
1155 203 526 518 624 
1156 203 619 526 624 
1157 203 518 599 624 
1158 203 494 587 625 
1159 203 524 547 626 
1160 203 559 495 627 
1161 203 495 585 627 
1162 203 563 505 628 
1163 203 505 578 628 
1164 203 562 528 629 
1165 203 528 590 629 
1166 203 560 543 630 
1167 203 543 604 630 
1168 203 570 535 600 
1169 203 502 574 621 
1170 203 556 567 631 
1171 203 561 568 632 
1172 203 621 574 633 
1173 203 574 560 633 
1174 203 530 494 625 
1175 203 608 533 634 
1176 203 533 564 634 
1177 203 556 631 622 
1178 203 601 509 635 
1179 203 509 546 635 
1180 203 626 547 581 
1181 203 524 626 595 
1182 203 590 593 636 
1183 203 570 600 637 
1184 203 555 601 638 
1185 203 584 555 638 
1186 203 601 635 638 
1187 203 605 530 625 
1188 203 599 592 639 
1189 203 579 583 640 
1190 203 542 540 641 
1191 203 583 577 642 
1192 203 604 594 643 
1193 203 594 554 643 
1194 203 595 626 644 
1195 203 616 566 645 
1196 203 566 598 645 
1197 203 593 580 646 
1198 203 539 608 614 
1199 203 615 572 647 
1200 203 572 571 647 
1201 203 622 631 648 
1202 203 596 563 649 
1203 203 582 596 649 
1204 203 563 628 649 
1205 203 540 620 641 
1206 203 553 597 650 
1207 203 625 587 651 
1208 203 620 565 652 
1209 203 565 602 652 
1210 203 611 595 653 
1211 203 595 644 653 
1212 203 605 625 654 
1213 203 603 582 655 
1214 203 582 649 655 
1215 203 576 561 656 
1216 203 567 584 657 
1217 203 631 567 657 
1218 203 584 638 657 
1219 203 597 579 658 
1220 203 579 640 658 
1221 203 632 568 659 
1222 203 568 586 659 
1223 203 561 632 656 
1224 203 641 620 660 
1225 203 571 559 661 
1226 203 647 571 661 
1227 203 559 627 661 
1228 203 569 521 623 
1229 203 626 581 662 
1230 203 644 626 662 
1231 203 581 617 662 
1232 203 656 632 663 
1233 203 542 641 607 
1234 203 576 656 610 
1235 203 623 549 664 
1236 203 573 607 665 
1237 203 597 658 650 
1238 203 553 650 612 
1239 203 639 592 666 
1240 203 592 610 666 
1241 203 622 648 602 
1242 203 610 656 667 
1243 203 666 610 667 
1244 203 656 663 667 
1245 203 575 536 668 
1246 203 536 606 668 
1247 203 642 577 669 
1248 203 600 573 670 
1249 203 588 619 671 
1250 203 607 641 672 
1251 203 665 607 672 
1252 203 641 660 672 
1253 203 564 575 673 
1254 203 634 564 673 
1255 203 575 668 673 
1256 203 583 642 640 
1257 203 541 603 674 
1258 203 692 588 675 
1259 203 588 671 675 
1260 203 604 643 676 
1261 203 593 646 636 
1262 203 663 632 677 
1263 203 632 659 677 
1264 203 616 645 678 
1265 203 613 605 679 
1266 203 541 674 609 
1267 203 560 630 633 
1268 203 617 616 680 
1269 203 616 678 680 
1270 203 646 580 681 
1271 203 580 609 681 
1272 203 614 608 682 
1273 203 615 647 683 
1274 203 585 614 684 
1275 203 614 682 684 
1276 203 648 631 685 
1277 203 664 549 613 
1278 203 635 546 686 
1279 203 546 589 686 
1280 203 586 562 687 
1281 203 659 586 687 
1282 203 562 629 687 
1283 203 618 615 688 
1284 203 615 683 688 
1285 203 625 651 654 
1286 203 587 621 689 
1287 203 577 611 669 
1288 203 587 689 651 
1289 203 611 653 669 
1290 203 627 585 690 
1291 203 585 684 690 
1292 203 624 599 691 
1293 203 599 639 691 
1294 203 589 548 692 
1295 203 686 589 692 
1296 203 837 840 844 
1297 203 605 654 679 
1298 203 637 600 670 
1299 203 554 618 643 
1300 203 598 557 693 
1301 203 645 598 693 
1302 203 557 591 693 
1303 203 569 623 694 
1304 203 591 569 694 
1305 203 623 664 694 
1306 203 628 578 695 
1307 203 578 612 695 
1308 203 629 590 696 
1309 203 590 636 696 
1310 203 630 604 697 
1311 203 604 676 697 
1312 203 606 570 698 
1313 203 570 637 698 
1314 203 660 620 699 
1315 203 620 652 699 
1316 203 573 665 670 
1317 203 674 603 700 
1318 203 603 655 700 
1319 203 682 608 701 
1320 203 608 634 701 
1321 203 685 631 702 
1322 203 631 657 702 
1323 203 689 621 703 
1324 203 621 633 703 
1325 203 650 658 704 
1326 203 642 669 705 
1327 203 651 689 706 
1328 203 643 618 707 
1329 203 618 688 707 
1330 203 648 685 708 
1331 203 684 682 709 
1332 203 637 670 710 
1333 203 676 643 707 
1334 203 636 646 711 
1335 203 679 654 712 
1336 203 657 638 713 
1337 203 702 657 713 
1338 203 638 635 713 
1339 203 678 645 694 
1340 203 649 628 714 
1341 203 655 649 714 
1342 203 628 695 714 
1343 203 683 647 715 
1344 203 647 661 715 
1345 203 602 648 652 
1346 203 654 651 716 
1347 203 640 642 717 
1348 203 612 650 718 
1349 203 633 630 719 
1350 203 703 633 719 
1351 203 630 697 719 
1352 203 653 644 720 
1353 203 658 640 721 
1354 203 640 717 721 
1355 203 619 624 722 
1356 203 671 619 722 
1357 203 624 691 722 
1358 203 669 653 723 
1359 203 705 669 723 
1360 203 653 720 723 
1361 203 700 655 724 
1362 203 655 714 724 
1363 203 660 699 725 
1364 203 642 705 717 
1365 203 672 660 726 
1366 203 660 725 726 
1367 203 668 606 727 
1368 203 606 698 727 
1369 203 667 663 728 
1370 203 651 706 716 
1371 203 674 700 729 
1372 203 708 685 730 
1373 203 665 672 731 
1374 203 672 726 731 
1375 203 676 707 732 
1376 203 701 634 733 
1377 203 634 673 733 
1378 203 683 715 734 
1379 203 711 646 735 
1380 203 679 712 680 
1381 203 639 666 736 
1382 203 677 659 737 
1383 203 659 687 737 
1384 203 613 679 738 
1385 203 718 650 739 
1386 203 650 704 739 
1387 203 609 674 740 
1388 203 694 664 678 
1389 203 681 609 740 
1390 203 674 729 740 
1391 203 671 722 741 
1392 203 720 644 662 
1393 203 664 613 738 
1394 203 712 654 716 
1395 203 687 629 742 
1396 203 737 687 742 
1397 203 629 696 742 
1398 203 735 646 681 
1399 203 704 658 721 
1400 203 670 665 743 
1401 203 670 743 710 
1402 203 690 684 744 
1403 203 684 709 744 
1404 203 695 612 745 
1405 203 612 718 745 
1406 203 691 639 746 
1407 203 639 736 746 
1408 203 635 686 713 
1409 203 685 702 675 
1410 203 709 682 747 
1411 203 682 701 747 
1412 203 706 689 748 
1413 203 689 703 748 
1414 203 696 636 749 
1415 203 636 711 749 
1416 203 688 683 750 
1417 203 683 734 750 
1418 203 697 676 751 
1419 203 676 732 751 
1420 203 698 637 752 
1421 203 637 710 752 
1422 203 617 680 753 
1423 203 662 617 753 
1424 203 680 712 753 
1425 203 661 627 754 
1426 203 715 661 754 
1427 203 627 690 754 
1428 203 652 648 755 
1429 203 728 663 756 
1430 203 663 677 756 
1431 203 665 731 743 
1432 203 755 648 708 
1433 203 678 664 738 
1434 203 652 755 699 
1435 203 678 738 680 
1436 203 725 699 757 
1437 203 699 755 757 
1438 203 717 705 758 
1439 203 716 706 759 
1440 203 729 700 760 
1441 203 700 724 760 
1442 203 708 730 741 
1443 203 732 707 761 
1444 203 707 688 761 
1445 203 704 721 762 
1446 203 673 668 763 
1447 203 733 673 763 
1448 203 668 727 763 
1449 203 734 715 764 
1450 203 715 754 764 
1451 203 692 675 702 
1452 203 711 735 765 
1453 203 679 680 738 
1454 203 714 695 766 
1455 203 724 714 766 
1456 203 695 745 766 
1457 203 671 741 730 
1458 203 694 645 693 
1459 203 720 662 753 
1460 203 694 693 591 
1461 203 671 730 675 
1462 203 721 717 767 
1463 203 717 758 767 
1464 203 710 743 768 
1465 203 712 716 769 
1466 203 753 712 769 
1467 203 716 759 769 
1468 203 722 691 770 
1469 203 741 722 770 
1470 203 691 746 770 
1471 203 735 681 771 
1472 203 681 740 771 
1473 203 666 667 772 
1474 203 667 728 772 
1475 203 736 666 772 
1476 203 758 705 773 
1477 203 705 723 773 
1478 203 741 770 757 
1479 203 726 725 774 
1480 203 727 698 775 
1481 203 698 752 775 
1482 203 729 760 776 
1483 203 732 761 777 
1484 203 688 750 761 
1485 203 736 772 778 
1486 203 762 721 767 
1487 203 708 741 757 
1488 203 765 735 779 
1489 203 735 771 779 
1490 203 736 778 774 
1491 203 734 764 780 
1492 203 742 696 781 
1493 203 696 749 781 
1494 203 736 774 746 
1495 203 692 702 713 
1496 203 768 743 782 
1497 203 743 731 782 
1498 203 755 708 757 
1499 203 744 709 783 
1500 203 719 697 784 
1501 203 697 751 784 
1502 203 745 718 785 
1503 203 718 739 785 
1504 203 747 701 786 
1505 203 701 733 786 
1506 203 685 675 730 
1507 203 749 711 787 
1508 203 711 765 787 
1509 203 750 734 788 
1510 203 734 780 788 
1511 203 751 732 789 
1512 203 732 777 789 
1513 203 752 710 790 
1514 203 710 768 790 
1515 203 756 677 791 
1516 203 677 737 791 
1517 203 728 756 792 
1518 203 731 726 793 
1519 203 782 731 793 
1520 203 726 774 793 
1521 203 772 728 794 
1522 203 778 772 794 
1523 203 728 792 794 
1524 203 739 704 795 
1525 203 704 762 795 
1526 203 754 690 796 
1527 203 764 754 796 
1528 203 690 744 796 
1529 203 740 729 797 
1530 203 783 709 798 
1531 203 709 747 798 
1532 203 797 729 776 
1533 203 740 797 771 
1534 203 776 760 799 
1535 203 723 720 759 
1536 203 761 750 800 
1537 203 777 761 800 
1538 203 750 788 800 
1539 203 762 767 801 
1540 203 780 764 802 
1541 203 764 796 802 
1542 203 767 758 803 
1543 203 774 778 793 
1544 203 713 686 692 
1545 203 760 724 804 
1546 203 799 760 804 
1547 203 724 766 804 
1548 203 771 797 805 
1549 203 725 757 806 
1550 203 737 742 807 
1551 203 791 737 807 
1552 203 742 781 807 
1553 203 703 719 808 
1554 203 759 706 809 
1555 203 703 808 748 
1556 203 809 706 748 
1557 203 806 757 770 
1558 203 725 806 774 
1559 203 759 809 773 
1560 203 748 808 803 
1561 203 759 720 769 
1562 203 809 748 803 
1563 203 808 719 784 
1564 203 792 756 810 
1565 203 756 791 810 
1566 203 720 753 769 
1567 203 774 806 746 
1568 203 723 759 773 
1569 203 777 800 811 
1570 203 781 749 812 
1571 203 749 787 812 
1572 203 763 727 813 
1573 203 727 775 813 
1574 203 780 802 814 
1575 203 793 778 815 
1576 203 782 793 815 
1577 203 778 794 815 
1578 203 733 763 816 
1579 203 786 733 816 
1580 203 763 813 816 
1581 203 779 771 805 
1582 203 768 782 817 
1583 203 803 808 818 
1584 203 767 803 818 
1585 203 808 784 818 
1586 203 773 809 758 
1587 203 776 799 819 
1588 203 765 779 820 
1589 203 794 792 817 
1590 203 758 809 803 
1591 203 746 806 770 
1592 203 767 818 801 
1593 203 785 739 821 
1594 203 739 795 821 
1595 203 787 765 822 
1596 203 765 820 822 
1597 203 797 776 823 
1598 203 805 797 823 
1599 203 744 783 824 
1600 203 788 780 825 
1601 203 780 814 825 
1602 203 790 768 810 
1603 203 766 745 826 
1604 203 745 785 826 
1605 203 775 752 827 
1606 203 752 790 827 
1607 203 796 744 824 
1608 203 798 747 828 
1609 203 747 786 828 
1610 203 783 798 829 
1611 203 823 776 819 
1612 203 824 783 830 
1613 203 783 829 830 
1614 203 796 824 802 
1615 203 795 762 831 
1616 203 751 789 832 
1617 203 802 824 833 
1618 203 814 802 833 
1619 203 824 830 833 
1620 203 817 792 810 
1621 203 819 799 834 
1622 203 784 751 832 
1623 203 762 801 831 
1624 203 805 823 830 
1625 203 820 779 829 
1626 203 789 777 831 
1627 203 810 791 835 
1628 203 791 807 835 
1629 203 811 800 836 
1630 203 800 788 836 
1631 203 829 798 820 
1632 203 823 819 833 
1633 203 777 811 831 
1634 203 820 798 828 
1635 203 779 805 829 
1636 203 795 831 811 
1637 203 831 801 789 
1638 203 829 805 830 
1639 203 795 811 821 
1640 203 790 810 837 
1641 203 812 787 838 
1642 203 787 822 838 
1643 203 820 828 839 
1644 203 822 820 839 
1645 203 828 786 839 
1646 203 782 815 817 
1647 203 807 781 840 
1648 203 835 807 840 
1649 203 781 812 840 
1650 203 804 766 826 
1651 203 790 837 827 
1652 203 768 817 810 
1653 203 814 833 819 
1654 203 784 832 818 
1655 203 811 836 821 
1656 203 794 817 815 
1657 203 819 834 814 
1658 203 826 785 841 
1659 203 785 821 841 
1660 203 825 814 834 
1661 203 843 842 838 
1662 203 830 823 833 
1663 203 799 804 826 
1664 203 832 789 801 
1665 203 788 825 836 
1666 203 801 818 832 
1667 203 799 826 834 
1668 203 839 786 816 
1669 203 834 826 841 
1670 203 813 775 842 
1671 203 822 839 843 
1672 203 838 822 843 
1673 203 839 816 843 
1674 203 837 810 835 
1675 203 821 836 841 
1676 203 825 834 841 
1677 203 775 827 842 
1678 203 813 842 843 
1679 203 816 813 843 
1680 203 836 825 841 
1681 203 837 835 840 
1682 203 842 827 844 
1683 203 840 812 844 
1684 203 842 844 838 
1685 203 844 827 837 
1686 203 844 812 838 