1.0000000000000000e+00 0.0000000000000000e+00 -1.3080016892465135e-01 0.0000000000000000e+00
2.0000000000000000e+00 5.4826421780192454e-03 -1.6212955102520571e-01 0.0000000000000000e+00
3.0000000000000000e+00 1.5664691464173510e-02 -1.9815834023389506e-01 0.0000000000000000e+00
4.0000000000000000e+00 2.1930567056491719e-02 -2.3340389520049276e-01 0.0000000000000000e+00
5.0000000000000000e+00 5.0910245602978577e-02 -2.6864944933929785e-01 0.0000000000000000e+00
6.0000000000000000e+00 7.5190517041330451e-02 -2.9449618926183291e-01 0.0000000000000000e+00
7.0000000000000000e+00 8.9288738365735421e-02 -3.1407705276425718e-01 0.0000000000000000e+00
8.0000000000000000e+00 1.1278577473420301e-01 -3.5323878059689828e-01 0.0000000000000000e+00
9.0000000000000000e+00 1.5586367460509482e-01 -3.8065198983140924e-01 0.0000000000000000e+00
1.0000000000000000e+01 1.9894157530377934e-01 -3.9709991470988171e-01 0.0000000000000000e+00
1.1000000000000000e+01 2.4045300586269527e-01 -3.9866638402185761e-01 0.0000000000000000e+00
1.2000000000000000e+01 2.7648179507138465e-01 -4.0414902619987686e-01 0.0000000000000000e+00
1.3000000000000000e+01 3.0076206650973647e-01 -4.1433107548603115e-01 0.0000000000000000e+00
1.4000000000000000e+01 3.2425910287820403e-01 -4.1668077904009859e-01 0.0000000000000000e+00
1.5000000000000000e+01 3.5872142277491753e-01 -4.2686282749846022e-01 0.0000000000000000e+00
1.6000000000000000e+01 3.9083403911756354e-01 -4.2764606256834448e-01 0.0000000000000000e+00
1.7000000000000000e+01 4.2686282832625289e-01 -4.5662574028703867e-01 0.0000000000000000e+00
1.8000000000000000e+01 4.6289161753494223e-01 -4.6054191315308207e-01 0.0000000000000000e+00
1.9000000000000000e+01 4.9657070318956403e-01 -4.5270956824878800e-01 0.0000000000000000e+00
2.0000000000000000e+01 5.3416596088243662e-01 -4.4722692607076869e-01 0.0000000000000000e+00
2.1000000000000000e+01 5.5922946656288008e-01 -4.3156223543438788e-01 0.0000000000000000e+00
2.2000000000000000e+01 5.7724386158112106e-01 -4.1354784041614678e-01 0.0000000000000000e+00
2.3000000000000000e+01 5.8429297224332355e-01 -3.6890347123327910e-01 0.0000000000000000e+00
2.4000000000000000e+01 6.2658763787212379e-01 -3.6733700192130325e-01 0.0000000000000000e+00
2.5000000000000000e+01 6.6888230350092404e-01 -3.5323878059689828e-01 0.0000000000000000e+00
2.6000000000000000e+01 7.0569432695170498e-01 -3.3914055844470065e-01 0.0000000000000000e+00
2.7000000000000000e+01 7.3702370905225933e-01 -3.1955969494227643e-01 0.0000000000000000e+00
2.8000000000000000e+01 7.6991955963699699e-01 -3.0076206568194380e-01 0.0000000000000000e+00
2.9000000000000000e+01 8.0359864529161862e-01 -2.7961473286754374e-01 0.0000000000000000e+00
3.0000000000000000e+01 8.3649449587635627e-01 -2.5376799294500857e-01 0.0000000000000000e+00
3.1000000000000000e+01 8.6625740866493484e-01 -2.2478831439852176e-01 0.0000000000000000e+00
3.2000000000000000e+01 8.9288738365735421e-01 -1.9580863667982756e-01 0.0000000000000000e+00
3.3000000000000000e+01 9.1638442002582177e-01 -1.6056308171322980e-01 0.0000000000000000e+00
3.4000000000000000e+01 9.2500000000000004e-01 -1.2845046537058386e-01 0.0000000000000000e+00
3.5000000000000000e+01 9.1795088933779767e-01 -8.9288738365735421e-02 0.0000000000000000e+00
3.6000000000000000e+01 8.9758679076548908e-01 -6.2658763373316037e-02 0.0000000000000000e+00
3.7000000000000000e+01 8.6939034728888653e-01 -4.0728196316824332e-02 0.0000000000000000e+00
3.8000000000000000e+01 8.3022861945624549e-01 -2.7413209234510981e-02 0.0000000000000000e+00
3.9000000000000000e+01 7.9106689245139705e-01 -1.5664690636380853e-02 0.0000000000000000e+00
4.0000000000000000e+01 7.5425486900061600e-01 -8.6155799741783595e-03 0.0000000000000000e+00
4.1000000000000000e+01 7.0412785763972907e-01 -2.3497035540674901e-03 0.0000000000000000e+00
4.2000000000000000e+01 6.5321761203675044e-01 0.0000000000000000e+00 0.0000000000000000e+00
4.3000000000000000e+01 6.0074089794958874e-01 -3.9161728660433793e-03 0.0000000000000000e+00
4.4000000000000000e+01 5.4278154085661501e-01 -1.0182049286154248e-02 0.0000000000000000e+00
4.5000000000000000e+01 4.8952159169956883e-01 -1.8014394190448344e-02 0.0000000000000000e+00
4.6000000000000000e+01 4.3861134609659036e-01 -2.6629974164626705e-02 0.0000000000000000e+00
4.7000000000000000e+01 3.8613463200942855e-01 -4.0728196316824332e-02 0.0000000000000000e+00
4.8000000000000000e+01 3.3209144778249816e-01 -4.9343776291002693e-02 0.0000000000000000e+00
4.9000000000000000e+01 2.8118120217951958e-01 -6.1875529131224447e-02 0.0000000000000000e+00
5.0000000000000000e+01 2.4045300586269527e-01 -7.2057578417378698e-02 0.0000000000000000e+00
5.1000000000000000e+01 1.9815834023389506e-01 -7.8323454837489551e-02 0.0000000000000000e+00
5.2000000000000000e+01 1.6212955102520571e-01 -8.3022861945624554e-02 0.0000000000000000e+00
5.3000000000000000e+01 1.2453429333233315e-01 -8.5372565499692035e-02 0.0000000000000000e+00
5.4000000000000000e+01 8.3806097015508813e-02 -8.7722269053759530e-02 0.0000000000000000e+00
5.5000000000000000e+01 4.5427604252751982e-02 -9.3204911231778792e-02 0.0000000000000000e+00
5.6000000000000000e+01 6.2658764201108958e-03 -1.0808636762606803e-01 0.0000000000000000e+00
5.7000000000000000e+01 2.5846740336431431e-02 -1.0064563942892341e-01 0.0000000000000000e+00
5.8000000000000000e+01 6.4616850634130571e-02 -9.0463590142769154e-02 0.0000000000000000e+00
5.9000000000000000e+01 1.0417019517392098e-01 -8.6547417276725783e-02 0.0000000000000000e+00
6.0000000000000000e+01 1.4333192217876942e-01 -8.4197713722658288e-02 0.0000000000000000e+00
6.1000000000000000e+01 1.8014394562954955e-01 -8.0673158391557129e-02 0.0000000000000000e+00
6.2000000000000000e+01 2.1930567304829518e-01 -7.5190516627434117e-02 0.0000000000000000e+00
6.3000000000000000e+01 2.6081710402110742e-01 -6.6966553774301649e-02 0.0000000000000000e+00
6.4000000000000000e+01 2.9815128404717889e-01 -5.7698278184483906e-02 0.0000000000000000e+00
6.5000000000000000e+01 3.1512136591483814e-01 -5.3521027237743386e-02 0.0000000000000000e+00
6.6000000000000000e+01 3.5010584252480859e-01 -4.6471916299609624e-02 0.0000000000000000e+00
6.7000000000000000e+01 3.6812023726711895e-01 -4.3600056308217394e-02 0.0000000000000000e+00
6.8000000000000000e+01 4.0362687003848274e-01 -3.6028788932758730e-02 0.0000000000000000e+00
6.9000000000000000e+01 4.2111910806753611e-01 -3.1329381548692303e-02 0.0000000000000000e+00
7.0000000000000000e+01 4.6406646889807956e-01 -2.2322184177537521e-02 0.0000000000000000e+00
7.1000000000000000e+01 5.0727490808525122e-01 -1.5403612555683363e-02 0.0000000000000000e+00
7.2000000000000000e+01 5.2502822447093345e-01 -1.2792830920919230e-02 0.0000000000000000e+00
7.3000000000000000e+01 5.6210132655427325e-01 -8.0934238127842260e-03 0.0000000000000000e+00
7.4000000000000000e+01 5.8142111225193127e-01 -6.0047983394134023e-03 0.0000000000000000e+00
7.5000000000000000e+01 6.1823313597864216e-01 -2.6107819106955862e-03 0.0000000000000000e+00
7.6000000000000000e+01 6.3572537400769635e-01 -1.3053909553477931e-03 0.0000000000000000e+00
7.7000000000000000e+01 6.7867273483823976e-01 -1.1748517770337568e-03 0.0000000000000000e+00
7.8000000000000000e+01 7.2919136332017265e-01 -5.4826417641229367e-03 0.0000000000000000e+00
7.9000000000000000e+01 7.7266088072600647e-01 -1.2140135305279607e-02 0.0000000000000000e+00
8.0000000000000000e+01 8.1064775595382133e-01 -2.1538949935445900e-02 0.0000000000000000e+00
8.1000000000000000e+01 8.4980948337256590e-01 -3.4070702775667649e-02 0.0000000000000000e+00
8.2000000000000000e+01 8.8348856902718786e-01 -5.1693479845070195e-02 0.0000000000000000e+00
8.3000000000000000e+01 9.0776884005164338e-01 -7.5973750869525652e-02 0.0000000000000000e+00
8.4000000000000000e+01 9.2147544466889886e-01 -1.0886960186815964e-01 0.0000000000000000e+00
8.5000000000000000e+01 9.2069221001291091e-01 -1.4450677354190669e-01 0.0000000000000000e+00
8.6000000000000000e+01 9.0463590184158793e-01 -1.7818585919652860e-01 0.0000000000000000e+00
8.7000000000000000e+01 8.7957239616114435e-01 -2.1029847553917483e-01 0.0000000000000000e+00
8.8000000000000000e+01 8.5137595227064566e-01 -2.3927815367176519e-01 0.0000000000000000e+00
8.9000000000000000e+01 8.2004657058398756e-01 -2.6669136290627615e-01 0.0000000000000000e+00
9.0000000000000000e+01 7.8675910246430780e-01 -2.9018839927474377e-01 0.0000000000000000e+00
9.1000000000000000e+01 7.5347163434462816e-01 -3.1016088031211014e-01 0.0000000000000000e+00
9.2000000000000000e+01 7.2135901800198210e-01 -3.2935012669348857e-01 0.0000000000000000e+00
9.3000000000000000e+01 6.8728831522631451e-01 -3.4618966952079949e-01 0.0000000000000000e+00
9.4000000000000000e+01 6.4773497068652397e-01 -3.6028789125910077e-01 0.0000000000000000e+00
9.5000000000000000e+01 6.0544030505772373e-01 -3.6812023657729120e-01 0.0000000000000000e+00
9.6000000000000000e+01 5.8076841691222225e-01 -3.9122565582471297e-01 0.0000000000000000e+00
9.7000000000000000e+01 5.1536833203600041e-01 -4.4996824715977835e-01 0.0000000000000000e+00
9.8000000000000000e+01 4.7973116036225316e-01 -4.5662574070093498e-01 0.0000000000000000e+00
9.9000000000000000e+01 4.4487722293059756e-01 -4.5858382672006037e-01 0.0000000000000000e+00
1.0000000000000000e+02 4.0884843372190816e-01 -4.4213590142769160e-01 0.0000000000000000e+00
1.0100000000000000e+02 3.7477773094624051e-01 -4.2725444503340237e-01 0.0000000000000000e+00
1.0200000000000000e+02 3.4149026282656081e-01 -4.2177180326927943e-01 0.0000000000000000e+00
1.0300000000000000e+02 2.5846740046703992e-01 -4.0140770511086726e-01 0.0000000000000000e+00
1.0400000000000000e+02 2.1969729058323728e-01 -3.9788314936586966e-01 0.0000000000000000e+00
1.0500000000000000e+02 1.7740262495443709e-01 -3.8887595227064548e-01 0.0000000000000000e+00
1.0600000000000000e+02 1.3432472466964893e-01 -3.6694538521415376e-01 0.0000000000000000e+00
1.0700000000000000e+02 1.0103725654996921e-01 -3.3365791668057770e-01 0.0000000000000000e+00
1.0800000000000000e+02 6.3050381322154514e-02 -2.8157281930056538e-01 0.0000000000000000e+00
1.0900000000000000e+02 3.6420406329735144e-02 -2.5102667226989533e-01 0.0000000000000000e+00
1.1000000000000000e+02 1.8797629260332613e-02 -2.1578111771719391e-01 0.0000000000000000e+00
1.1100000000000000e+02 1.0573666821096388e-02 -1.8014394562955030e-01 0.0000000000000000e+00
1.1200000000000000e+02 2.7413210890096227e-03 -1.4646485997492853e-01 0.0000000000000000e+00
1.1300000000000000e+02 1.9194780459806250e-02 -1.1940160445509963e-01 0.0000000000000000e+00
1.1400000000000000e+02 5.7322147655462979e-02 -1.1059042669658742e-01 0.0000000000000000e+00
1.1500000000000000e+02 9.6415688342672917e-02 -1.0596419494324742e-01 0.0000000000000000e+00
1.1600000000000000e+02 1.3495901223090612e-01 -1.0274902787621347e-01 0.0000000000000000e+00
1.1700000000000000e+02 1.7362578160211165e-01 -9.9172079703290117e-02 0.0000000000000000e+00
1.1800000000000000e+02 2.1240129259845572e-01 -9.4039619832398474e-02 0.0000000000000000e+00
1.1900000000000000e+02 2.5377646815796934e-01 -8.6587029475858335e-02 0.0000000000000000e+00
1.2000000000000000e+02 2.9192319992029553e-01 -7.7556498944886157e-02 0.0000000000000000e+00
1.2100000000000000e+02 3.2752499768724230e-01 -6.9054540397785816e-02 0.0000000000000000e+00
1.2200000000000000e+02 3.6268354167491218e-01 -6.2660821260553570e-02 0.0000000000000000e+00
1.2300000000000000e+02 3.9995977014264783e-01 -5.5052622970348325e-02 0.0000000000000000e+00
1.2400000000000000e+02 4.3668085006758639e-01 -4.5950121279560170e-02 0.0000000000000000e+00
1.2500000000000000e+02 4.7818409300088877e-01 -3.7452567501159453e-02 0.0000000000000000e+00
1.2600000000000000e+02 5.1790621449517660e-01 -3.1913738605105817e-02 0.0000000000000000e+00
1.2700000000000000e+02 5.5495173857558266e-01 -2.6586032152038738e-02 0.0000000000000000e+00
1.2800000000000000e+02 5.9227130560832164e-01 -2.2636617564446671e-02 0.0000000000000000e+00
1.2900000000000000e+02 6.2892905643995201e-01 -2.0739152094178190e-02 0.0000000000000000e+00
1.3000000000000000e+02 6.6833525715947018e-01 -1.9051883173681488e-02 0.0000000000000000e+00
1.3100000000000000e+02 6.9172036909117363e-01 -1.9597575276472587e-02 0.0000000000000000e+00
1.3200000000000000e+02 7.1474985264032487e-01 -2.2127213754325473e-02 0.0000000000000000e+00
1.3300000000000000e+02 7.3675391713949623e-01 -2.4360442642349087e-02 0.0000000000000000e+00
1.3400000000000000e+02 7.7679483644999203e-01 -3.1799816031191162e-02 0.0000000000000000e+00
1.3500000000000000e+02 8.1388502139448649e-01 -4.1202470884882179e-02 0.0000000000000000e+00
1.3600000000000000e+02 8.5015215491554263e-01 -5.2102022905875907e-02 0.0000000000000000e+00
1.3700000000000000e+02 8.8047331860188360e-01 -7.0129198782031985e-02 0.0000000000000000e+00
1.3800000000000000e+02 9.0259923436822675e-01 -1.0040482138411728e-01 0.0000000000000000e+00
1.3900000000000000e+02 9.0577813294911635e-01 -1.2691809722017566e-01 0.0000000000000000e+00
1.4000000000000000e+02 8.9888023274532447e-01 -1.5323936265597279e-01 0.0000000000000000e+00
1.4100000000000000e+02 8.8629137138571135e-01 -1.7303195931946636e-01 0.0000000000000000e+00
1.4200000000000000e+02 8.6008493592247670e-01 -2.0475124085704882e-01 0.0000000000000000e+00
1.4300000000000000e+02 8.3223025773143988e-01 -2.3307696208528927e-01 0.0000000000000000e+00
1.4400000000000000e+02 8.0105281807662765e-01 -2.5814668298330040e-01 0.0000000000000000e+00
1.4500000000000000e+02 7.6916852094256505e-01 -2.7954936943212988e-01 0.0000000000000000e+00
1.4600000000000000e+02 7.3723678566773865e-01 -2.9887193501334508e-01 0.0000000000000000e+00
1.4700000000000000e+02 7.0419770105085622e-01 -3.1740147616642533e-01 0.0000000000000000e+00
1.4800000000000000e+02 6.7007388572036231e-01 -3.3310721288737627e-01 0.0000000000000000e+00
1.4900000000000000e+02 6.3163322361590757e-01 -3.4595953187683698e-01 0.0000000000000000e+00
1.5000000000000000e+02 5.9047820987309785e-01 -3.5245420789920723e-01 0.0000000000000000e+00
1.5100000000000000e+02 5.6591647986979965e-01 -3.7806672913128470e-01 0.0000000000000000e+00
1.5200000000000000e+02 5.6052129367711367e-01 -4.0305081041161578e-01 0.0000000000000000e+00
1.5300000000000000e+02 5.4159249872899429e-01 -4.2216394840266003e-01 0.0000000000000000e+00
1.5400000000000000e+02 5.0265216700325055e-01 -4.3398857723348622e-01 0.0000000000000000e+00
1.5500000000000000e+02 4.6004033073867645e-01 -4.3987237580700783e-01 0.0000000000000000e+00
1.5600000000000000e+02 4.3348751360631504e-01 -4.3608229887464800e-01 0.0000000000000000e+00
1.5700000000000000e+02 4.1287654577975486e-01 -4.2093342071309059e-01 0.0000000000000000e+00
1.5800000000000000e+02 3.7816127326657906e-01 -4.0765588089427351e-01 0.0000000000000000e+00
1.5900000000000000e+02 3.5959482624193440e-01 -4.1048662633714406e-01 0.0000000000000000e+00
1.6000000000000000e+02 3.3951977111891768e-01 -4.0255607679399308e-01 0.0000000000000000e+00
1.6100000000000000e+02 3.1803328505196993e-01 -3.9741585088875386e-01 0.0000000000000000e+00
1.6200000000000000e+02 2.7355034473269951e-01 -3.8625827075489128e-01 0.0000000000000000e+00
1.6300000000000000e+02 2.3139919398745948e-01 -3.8089441443704608e-01 0.0000000000000000e+00
1.6400000000000000e+02 1.9125271498776841e-01 -3.7479588480032855e-01 0.0000000000000000e+00
1.6500000000000000e+02 1.7145306959868128e-01 -3.7085572206894313e-01 0.0000000000000000e+00
1.6600000000000000e+02 1.3785560228992755e-01 -3.4624543997338902e-01 0.0000000000000000e+00
1.6700000000000000e+02 1.1677566803890201e-01 -3.1306823025371078e-01 0.0000000000000000e+00
1.6800000000000000e+02 9.9046901879589422e-02 -2.9451581270990723e-01 0.0000000000000000e+00
1.6900000000000000e+02 8.4018341004844316e-02 -2.7689304553041855e-01 0.0000000000000000e+00
1.7000000000000000e+02 5.5989900175695863e-02 -2.4436351811964055e-01 0.0000000000000000e+00
1.7100000000000000e+02 3.9489313370352726e-02 -2.2833776855423382e-01 0.0000000000000000e+00
1.7200000000000000e+02 3.7077429584720989e-02 -2.0656948751998452e-01 0.0000000000000000e+00
1.7300000000000000e+02 2.7369737031436969e-02 -1.6740208936001769e-01 0.0000000000000000e+00
1.7400000000000000e+02 1.5164933446691519e-02 -1.3607289173684053e-01 0.0000000000000000e+00
1.7500000000000000e+02 3.7978874437377338e-02 -1.1409293786024118e-01 0.0000000000000000e+00
1.7600000000000000e+02 7.7103743296636551e-02 -1.0863371439010082e-01 0.0000000000000000e+00
1.7700000000000000e+02 1.1538427791163487e-01 -1.0433263817688254e-01 0.0000000000000000e+00
1.7800000000000000e+02 1.5459913206852674e-01 -1.0092757879608974e-01 0.0000000000000000e+00
1.7900000000000000e+02 1.9267620148921527e-01 -9.6760644366182494e-02 0.0000000000000000e+00
1.8000000000000000e+02 2.3368958419048491e-01 -9.0420187276950684e-02 0.0000000000000000e+00
1.8100000000000000e+02 2.7284924270582744e-01 -8.2093705640450210e-02 0.0000000000000000e+00
1.8200000000000000e+02 3.0972985713599643e-01 -7.3572995477481251e-02 0.0000000000000000e+00
1.8300000000000000e+02 3.4495561277365222e-01 -6.5776175980873056e-02 0.0000000000000000e+00
1.8400000000000000e+02 3.8187933837641014e-01 -5.9154304639287190e-02 0.0000000000000000e+00
1.8500000000000000e+02 4.1796617525922308e-01 -5.1016857829421058e-02 0.0000000000000000e+00
1.8600000000000000e+02 4.5662284486806770e-01 -4.1310249430836325e-02 0.0000000000000000e+00
1.8700000000000000e+02 4.9898156275846128e-01 -3.4534391069790157e-02 0.0000000000000000e+00
1.8800000000000000e+02 5.3634617303973664e-01 -2.9290579459300102e-02 0.0000000000000000e+00
1.8900000000000000e+02 5.7372018278564418e-01 -2.4864969975908424e-02 0.0000000000000000e+00
1.9000000000000000e+02 6.1067431082950341e-01 -2.1316847173122010e-02 0.0000000000000000e+00
1.9100000000000000e+02 6.4823258487763447e-01 -2.0367039456555693e-02 0.0000000000000000e+00
1.9200000000000000e+02 7.5764525757811108e-01 -2.7616233426688858e-02 0.0000000000000000e+00
1.9300000000000000e+02 7.9512792761736217e-01 -3.5890993606258324e-02 0.0000000000000000e+00
1.9400000000000000e+02 8.3261735365413070e-01 -4.6137835037644237e-02 0.0000000000000000e+00
1.9500000000000000e+02 8.6677847474329162e-01 -5.8683294576156668e-02 0.0000000000000000e+00
1.9600000000000000e+02 8.9102381255247942e-01 -8.3804781919657206e-02 0.0000000000000000e+00
1.9700000000000000e+02 8.7349076806866344e-01 -1.8978094007054455e-01 0.0000000000000000e+00
1.9800000000000000e+02 8.4669109788592289e-01 -2.1875750447230194e-01 0.0000000000000000e+00
1.9900000000000000e+02 8.1667096810927675e-01 -2.4604532223692102e-01 0.0000000000000000e+00
2.0000000000000000e+02 7.8554303853589869e-01 -2.6958679583752176e-01 0.0000000000000000e+00
2.0100000000000000e+02 7.5321057735564401e-01 -2.8958792718621945e-01 0.0000000000000000e+00
2.0200000000000000e+02 7.2106951666199348e-01 -3.0759192518838885e-01 0.0000000000000000e+00
2.0300000000000000e+02 6.8790195189143755e-01 -3.2621387051560330e-01 0.0000000000000000e+00
2.0400000000000000e+02 6.5144432116988815e-01 -3.4004519038985054e-01 0.0000000000000000e+00
2.0500000000000000e+02 6.1116611045553759e-01 -3.5008661347745884e-01 0.0000000000000000e+00
2.0600000000000000e+02 5.7044556648620492e-01 -3.5738094702841300e-01 0.0000000000000000e+00
2.0700000000000000e+02 4.8215995891102426e-01 -4.3665125543436578e-01 0.0000000000000000e+00
2.0800000000000000e+02 5.2203275754191225e-01 -4.2991260962423250e-01 0.0000000000000000e+00
2.0900000000000000e+02 3.9802453160347256e-01 -4.0456418967534130e-01 0.0000000000000000e+00
2.1000000000000000e+02 2.9478363706562283e-01 -3.9242449858720896e-01 0.0000000000000000e+00
2.1100000000000000e+02 2.5220687553431259e-01 -3.8244940096431868e-01 0.0000000000000000e+00
2.1200000000000000e+02 2.1122130013533055e-01 -3.7881229401329902e-01 0.0000000000000000e+00
2.1300000000000000e+02 1.5577553897802099e-01 -3.5955405320175116e-01 0.0000000000000000e+00
2.1400000000000000e+02 1.2117743031009504e-01 -3.3401719417919323e-01 0.0000000000000000e+00
2.1500000000000000e+02 7.0341614808565461e-02 -2.6162561751683294e-01 0.0000000000000000e+00
2.1600000000000000e+02 3.2822547222073964e-02 -1.8670937871790771e-01 0.0000000000000000e+00
2.1700000000000000e+02 2.0824936118829938e-02 -1.5011333200375865e-01 0.0000000000000000e+00
2.1800000000000000e+02 8.8672911596494181e-02 -1.2513192328232678e-01 0.0000000000000000e+00
2.1900000000000000e+02 1.2706491572470988e-01 -1.2210430057374320e-01 0.0000000000000000e+00
2.2000000000000000e+02 2.0601519924205108e-01 -1.1298579633707048e-01 0.0000000000000000e+00
2.2100000000000000e+02 3.2199191288355039e-01 -8.8589453518507805e-02 0.0000000000000000e+00
2.2200000000000000e+02 2.4708143170695732e-01 -1.0588874395854762e-01 0.0000000000000000e+00
2.2300000000000000e+02 1.8575015455637295e-01 -1.1626286500170033e-01 0.0000000000000000e+00
2.2400000000000000e+02 3.0428342320736024e-01 -9.2752986791579034e-02 0.0000000000000000e+00
2.2500000000000000e+02 5.1021745911545446e-01 -5.1885928697601690e-02 0.0000000000000000e+00
2.2600000000000000e+02 3.5783612079025845e-01 -8.1728028576319126e-02 0.0000000000000000e+00
2.2700000000000000e+02 4.3213591053341438e-01 -6.5623551388508367e-02 0.0000000000000000e+00
2.2800000000000000e+02 5.4797869467371585e-01 -4.5348163741543594e-02 0.0000000000000000e+00
2.2900000000000000e+02 4.7144254958513815e-01 -5.7840400760223808e-02 0.0000000000000000e+00
2.3000000000000000e+02 4.1358951344554157e-01 -7.0064707557875444e-02 0.0000000000000000e+00
2.3100000000000000e+02 5.2920643126784161e-01 -4.8575861310282492e-02 0.0000000000000000e+00
2.3200000000000000e+02 4.9121561827695054e-01 -5.4693490375200438e-02 0.0000000000000000e+00
2.3300000000000000e+02 8.3421960180540589e-01 -6.5361326942520157e-02 0.0000000000000000e+00
2.3400000000000000e+02 5.8452047938843432e-01 -4.1967236623341536e-02 0.0000000000000000e+00
2.3500000000000000e+02 6.2152014110796161e-01 -3.9244176965863103e-02 0.0000000000000000e+00
2.3600000000000000e+02 6.5995186637246595e-01 -3.7628086409773429e-02 0.0000000000000000e+00
2.3700000000000000e+02 7.4283974859675583e-01 -4.4097941079595450e-02 0.0000000000000000e+00
2.3800000000000000e+02 8.6552325470503844e-01 -7.5340144781051235e-02 0.0000000000000000e+00
2.3900000000000000e+02 7.9772491612269925e-01 -2.3746434027532454e-01 0.0000000000000000e+00
2.4000000000000000e+02 8.1699055497907602e-01 -6.1299089025804152e-02 0.0000000000000000e+00
2.4100000000000000e+02 8.5032658674040562e-01 -7.0663628340479470e-02 0.0000000000000000e+00
2.4200000000000000e+02 7.9920822492556121e-01 -5.6459291602609846e-02 0.0000000000000000e+00
2.4300000000000000e+02 8.8240541345093459e-01 -1.0166180566185110e-01 0.0000000000000000e+00
2.4400000000000000e+02 8.4084694493842294e-01 -1.9851645803837456e-01 0.0000000000000000e+00
2.4500000000000000e+02 7.6743868121344927e-01 -2.5940555497086959e-01 0.0000000000000000e+00
2.4600000000000000e+02 8.7786092315584496e-01 -1.5389179826432894e-01 0.0000000000000000e+00
2.4700000000000000e+02 6.3521144797771223e-01 -3.2552686770908140e-01 0.0000000000000000e+00
2.4800000000000000e+02 8.1236007179550351e-01 -2.2483856988963369e-01 0.0000000000000000e+00
2.4900000000000000e+02 8.5363283104452392e-01 -1.8420615854205716e-01 0.0000000000000000e+00
2.5000000000000000e+02 7.8317116438024459e-01 -2.4845763008241739e-01 0.0000000000000000e+00
2.5100000000000000e+02 8.2722550387274751e-01 -2.1160645840167133e-01 0.0000000000000000e+00
2.5200000000000000e+02 7.3648057467852279e-01 -2.7855237128674748e-01 0.0000000000000000e+00
2.5300000000000000e+02 6.7151663450680021e-01 -3.1288244768541373e-01 0.0000000000000000e+00
2.5400000000000000e+02 5.9592212269904066e-01 -3.3345446010355212e-01 0.0000000000000000e+00
2.5500000000000000e+02 6.5371930407851531e-01 -3.1941260836383695e-01 0.0000000000000000e+00
2.5600000000000000e+02 6.8844412797455001e-01 -3.0478525274038759e-01 0.0000000000000000e+00
2.5700000000000000e+02 6.1617148026147894e-01 -3.2927733530404779e-01 0.0000000000000000e+00
2.5800000000000000e+02 5.0832239482229036e-01 -4.1462838371141969e-01 0.0000000000000000e+00
2.5900000000000000e+02 5.7528216695384160e-01 -3.3793534597448316e-01 0.0000000000000000e+00
2.6000000000000000e+02 2.8494872466533444e-01 -9.7143180303202750e-02 0.0000000000000000e+00
2.6100000000000000e+02 5.2562115331336157e-01 -4.0904654578298338e-01 0.0000000000000000e+00
2.6200000000000000e+02 5.4729858903592044e-01 -3.8379214671744893e-01 0.0000000000000000e+00
2.6300000000000000e+02 3.1237367741195932e-01 -3.7604909645762669e-01 0.0000000000000000e+00
2.6400000000000000e+02 4.6958105555982166e-01 -4.1861050209253609e-01 0.0000000000000000e+00
2.6500000000000000e+02 3.6124113661959922e-01 -3.8898031187552856e-01 0.0000000000000000e+00
2.6600000000000000e+02 2.0299032154724950e-01 -3.5912322928809165e-01 0.0000000000000000e+00
2.6700000000000000e+02 2.8935967634458282e-01 -3.7103023223900217e-01 0.0000000000000000e+00
2.6800000000000000e+02 2.4490677843768693e-01 -3.6306044704406076e-01 0.0000000000000000e+00
2.6900000000000000e+02 1.4051412922172965e-01 -3.2465882325024914e-01 0.0000000000000000e+00
2.7000000000000000e+02 1.6001622476314614e-01 -3.3837111891687915e-01 0.0000000000000000e+00
2.7100000000000000e+02 9.0693869042235697e-02 -2.5721511433233313e-01 0.0000000000000000e+00
2.7200000000000000e+02 1.2427932077196280e-01 -2.9012101106300170e-01 0.0000000000000000e+00
2.7300000000000000e+02 4.0817067448803646e-02 -1.5071140411215847e-01 0.0000000000000000e+00
2.7400000000000000e+02 5.9516044334263669e-02 -2.1972391473980341e-01 0.0000000000000000e+00
2.7500000000000000e+02 5.0035582863568129e-02 -1.3117831335183025e-01 0.0000000000000000e+00
2.7600000000000000e+02 3.1330163981334001e-02 -1.3410744245083678e-01 0.0000000000000000e+00
2.7700000000000000e+02 7.0142397773930532e-01 -3.9829786292450479e-02 0.0000000000000000e+00
2.7800000000000000e+02 7.2274167039580695e-01 -4.1419893195942400e-02 0.0000000000000000e+00
2.7900000000000000e+02 7.8059706947124663e-01 -5.2096278906974693e-02 0.0000000000000000e+00
2.8000000000000000e+02 8.8539730284725682e-01 -1.3526621659080787e-01 0.0000000000000000e+00
2.8100000000000000e+02 2.2395574162298301e-01 -3.6151805746637089e-01 0.0000000000000000e+00
2.8200000000000000e+02 4.3052844464589951e-01 -4.1308489690546679e-01 0.0000000000000000e+00
2.8300000000000000e+02 3.3526979425329917e-01 -3.8157206319853465e-01 0.0000000000000000e+00
2.8400000000000000e+02 2.6617819735519926e-01 -3.6620403920612171e-01 0.0000000000000000e+00
2.8500000000000000e+02 1.7954292447973993e-01 -3.5303434100109077e-01 0.0000000000000000e+00
2.8600000000000000e+02 1.0633139996637221e-01 -2.7340925166101054e-01 0.0000000000000000e+00
2.8700000000000000e+02 6.8888017968648588e-02 -1.2776909809470985e-01 0.0000000000000000e+00
2.8800000000000000e+02 5.5090695080579555e-01 -3.6300704488970542e-01 0.0000000000000000e+00
2.8900000000000000e+02 4.5019078046950850e-01 -4.1636762241276665e-01 0.0000000000000000e+00
2.9000000000000000e+02 1.0734986213713286e-01 -1.2339444819633308e-01 0.0000000000000000e+00
2.9100000000000000e+02 2.2663905025083797e-01 -1.0951344259736139e-01 0.0000000000000000e+00
2.9200000000000000e+02 2.6675632253178810e-01 -1.0153841208180261e-01 0.0000000000000000e+00
2.9300000000000000e+02 3.4059382760473728e-01 -8.5017436203633098e-02 0.0000000000000000e+00
2.9400000000000000e+02 4.5147726865625382e-01 -6.1871200332295331e-02 0.0000000000000000e+00
2.9500000000000000e+02 6.0283117192544944e-01 -4.0549239895417130e-02 0.0000000000000000e+00
2.9600000000000000e+02 5.6683398411409924e-01 -4.3327681072532272e-02 0.0000000000000000e+00
2.9700000000000000e+02 6.4022055175709491e-01 -3.8178374933183337e-02 0.0000000000000000e+00
2.9800000000000000e+02 6.7989743192408014e-01 -3.7948905928306430e-02 0.0000000000000000e+00
2.9900000000000000e+02 8.7391762632248315e-01 -8.7673769016131484e-02 0.0000000000000000e+00
3.0000000000000000e+02 7.6257955679403944e-01 -4.7735870397908692e-02 0.0000000000000000e+00
3.0100000000000000e+02 8.9015604489930600e-01 -1.1748264505655864e-01 0.0000000000000000e+00
3.0200000000000000e+02 8.6641946017590576e-01 -1.6989792664094591e-01 0.0000000000000000e+00
3.0300000000000000e+02 7.5238651771393339e-01 -2.6941551024726945e-01 0.0000000000000000e+00
3.0400000000000000e+02 3.7616344403696933e-01 -7.8443909041386373e-02 0.0000000000000000e+00
3.0500000000000000e+02 4.8918129863169302e-01 -4.1783286646258871e-01 0.0000000000000000e+00
3.0600000000000000e+02 5.4133044901963911e-01 -4.0156700707670023e-01 0.0000000000000000e+00
3.0700000000000000e+02 3.8338841020974251e-01 -3.8991916876696386e-01 0.0000000000000000e+00
3.0800000000000000e+02 1.4346281225107180e-01 -3.0343632737017567e-01 0.0000000000000000e+00
3.0900000000000000e+02 7.5922404266529839e-02 -2.4046211642034526e-01 0.0000000000000000e+00
3.1000000000000000e+02 1.4605045210129003e-01 -1.2084156361535028e-01 0.0000000000000000e+00
3.1100000000000000e+02 5.5475691562774487e-01 -3.4275557707241189e-01 0.0000000000000000e+00
3.1200000000000000e+02 5.1473044714187587e-02 -1.7030876562809538e-01 0.0000000000000000e+00
3.1300000000000000e+02 5.4177510607640610e-02 -1.9468332049236009e-01 0.0000000000000000e+00
3.1400000000000000e+02 4.1832668110818921e-01 -3.9708711085000148e-01 0.0000000000000000e+00
3.1500000000000000e+02 1.6657490219487331e-01 -1.1878089216322375e-01 0.0000000000000000e+00
3.1600000000000000e+02 3.9523085464582047e-01 -7.3970959480797002e-02 0.0000000000000000e+00
3.1700000000000000e+02 7.0463698719503431e-01 -2.9609704475741638e-01 0.0000000000000000e+00
3.1800000000000000e+02 8.3730268029311228e-01 -8.5622719379390005e-02 0.0000000000000000e+00
3.1900000000000000e+02 2.4047580246289735e-01 -1.2545456586688569e-01 0.0000000000000000e+00
3.2000000000000000e+02 8.5988994857773227e-01 -1.5303113963539405e-01 0.0000000000000000e+00
3.2100000000000000e+02 4.7862685061826704e-01 -4.0264490905058825e-01 0.0000000000000000e+00
3.2200000000000000e+02 1.1871104389145214e-01 -1.4114854182386705e-01 0.0000000000000000e+00
3.2300000000000000e+02 3.1715302817881280e-01 -1.0890418681855114e-01 0.0000000000000000e+00
3.2400000000000000e+02 9.6924121937755417e-02 -2.3699627753076524e-01 0.0000000000000000e+00
3.2500000000000000e+02 8.2012738293116294e-01 -8.1492104513865779e-02 0.0000000000000000e+00
3.2600000000000000e+02 6.3197465070659864e-01 -5.6734203234977826e-02 0.0000000000000000e+00
3.2700000000000000e+02 5.9517943390172412e-01 -5.9079079368086519e-02 0.0000000000000000e+00
3.2800000000000000e+02 4.9528822317698629e-01 -3.9787417791576485e-01 0.0000000000000000e+00
3.2900000000000000e+02 5.6011493502819121e-01 -3.2339319231353286e-01 0.0000000000000000e+00
3.3000000000000000e+02 5.7766152609904653e-01 -6.0628503699401794e-02 0.0000000000000000e+00
3.3100000000000000e+02 6.1352265357366642e-01 -5.7615310213716228e-02 0.0000000000000000e+00
3.3200000000000000e+02 7.7983496868560642e-01 -2.2832303466248791e-01 0.0000000000000000e+00
3.3300000000000000e+02 7.6767321783215092e-01 -6.7650446946276754e-02 0.0000000000000000e+00
3.3400000000000000e+02 7.4910264216506350e-01 -6.3607161435399795e-02 0.0000000000000000e+00
3.3500000000000000e+02 7.3482762936710477e-01 -2.5773847022448754e-01 0.0000000000000000e+00
3.3600000000000000e+02 8.7262756402456898e-01 -1.1943693702368582e-01 0.0000000000000000e+00
3.3700000000000000e+02 8.5514808915365326e-01 -8.8147051034390994e-02 0.0000000000000000e+00
3.3800000000000000e+02 5.5952715378976825e-01 -6.3319130208775651e-02 0.0000000000000000e+00
3.3900000000000000e+02 8.0250884335602979e-01 -7.7163005481356184e-02 0.0000000000000000e+00
3.4000000000000000e+02 4.4644013565894158e-01 -8.1746167318846319e-02 0.0000000000000000e+00
3.4100000000000000e+02 4.2751244235254143e-01 -8.5801596651297857e-02 0.0000000000000000e+00
3.4200000000000000e+02 3.5323732310613887e-01 -1.0101360766335034e-01 0.0000000000000000e+00
3.4300000000000000e+02 5.2896701575875948e-01 -3.8941188923464720e-01 0.0000000000000000e+00
3.4400000000000000e+02 6.5511572129879603e-01 -2.9834486311642955e-01 0.0000000000000000e+00
3.4500000000000000e+02 8.3450210589104978e-01 -1.7831938342576018e-01 0.0000000000000000e+00
3.4600000000000000e+02 6.1979801603251994e-01 -3.0937191417439697e-01 0.0000000000000000e+00
3.4700000000000000e+02 7.2047180315617509e-01 -2.8744792709910838e-01 0.0000000000000000e+00
3.4800000000000000e+02 6.7237888539384727e-01 -2.9159162471996458e-01 0.0000000000000000e+00
3.4900000000000000e+02 9.9433484751378906e-02 -1.4276840837677460e-01 0.0000000000000000e+00
3.5000000000000000e+02 5.1276331288078358e-01 -3.9468696382765123e-01 0.0000000000000000e+00
3.5100000000000000e+02 3.5379777269435803e-01 -3.6598454992895973e-01 0.0000000000000000e+00
3.5200000000000000e+02 5.8089027231918111e-01 -3.1808797667981520e-01 0.0000000000000000e+00
3.5300000000000000e+02 1.9897736249777728e-01 -1.3244992018665763e-01 0.0000000000000000e+00
3.5400000000000000e+02 1.9661742529293555e-01 -3.4167602358317500e-01 0.0000000000000000e+00
3.5500000000000000e+02 4.0179307386695423e-01 -3.8087362151223220e-01 0.0000000000000000e+00
3.5600000000000000e+02 3.7892164114945931e-01 -3.7118379165697235e-01 0.0000000000000000e+00
3.5700000000000000e+02 3.0462503516400474e-01 -3.5567230441254521e-01 0.0000000000000000e+00
3.5800000000000000e+02 1.6378656953202364e-01 -3.1653969088604389e-01 0.0000000000000000e+00
3.5900000000000000e+02 3.3546439236189024e-01 -1.0526315394002572e-01 0.0000000000000000e+00
3.6000000000000000e+02 2.1941950488244860e-01 -1.2947569890482816e-01 0.0000000000000000e+00
3.6100000000000000e+02 5.3406081177870068e-01 -3.4880489695557521e-01 0.0000000000000000e+00
3.6200000000000000e+02 7.5024624354053104e-01 -2.4821873997257546e-01 0.0000000000000000e+00
3.6300000000000000e+02 7.8516666505288879e-01 -7.2273661694258445e-02 0.0000000000000000e+00
3.6400000000000000e+02 8.6485067818428019e-01 -1.3717156878276973e-01 0.0000000000000000e+00
3.6500000000000000e+02 3.2784886036407618e-01 -3.6068344814790154e-01 0.0000000000000000e+00
3.6600000000000000e+02 1.2998652851676382e-01 -2.6908455723729457e-01 0.0000000000000000e+00
3.6700000000000000e+02 6.0104538386752532e-02 -1.4740520763955176e-01 0.0000000000000000e+00
3.6800000000000000e+02 1.1256195827614164e-01 -2.5348299952083331e-01 0.0000000000000000e+00
3.6900000000000000e+02 4.6546250197706379e-01 -7.7513297309688867e-02 0.0000000000000000e+00
3.7000000000000000e+02 1.8078142291348362e-01 -3.3024327504170337e-01 0.0000000000000000e+00
3.7100000000000000e+02 7.2032553026878512e-02 -2.0294026261746576e-01 0.0000000000000000e+00
3.7200000000000000e+02 2.9838757309609704e-01 -1.1320546307866143e-01 0.0000000000000000e+00
3.7300000000000000e+02 6.3834139997551786e-01 -3.0427593855086926e-01 0.0000000000000000e+00
3.7400000000000000e+02 2.7921608501875245e-01 -1.1757346386785704e-01 0.0000000000000000e+00
3.7500000000000000e+02 7.9434894642762655e-01 -2.1785367769703298e-01 0.0000000000000000e+00
3.7600000000000000e+02 5.3195838501630166e-01 -3.6942516872726261e-01 0.0000000000000000e+00
3.7700000000000000e+02 8.3625360171594998e-02 -2.1992311299385750e-01 0.0000000000000000e+00
3.7800000000000000e+02 7.1901244631074512e-01 -2.6681705566200303e-01 0.0000000000000000e+00
3.7900000000000000e+02 5.0356069222941779e-01 -7.0511103137995232e-02 0.0000000000000000e+00
3.8000000000000000e+02 6.5107193008231168e-01 -5.6337265642933891e-02 0.0000000000000000e+00
3.8100000000000000e+02 4.8446355048998668e-01 -7.4213525929647722e-02 0.0000000000000000e+00
3.8200000000000000e+02 5.3993035840174386e-01 -3.2872451574584638e-01 0.0000000000000000e+00
3.8300000000000000e+02 5.4119783819723055e-01 -6.5511588487177988e-02 0.0000000000000000e+00
3.8400000000000000e+02 6.9035831838725092e-01 -5.7636662005104644e-02 0.0000000000000000e+00
3.8500000000000000e+02 7.0425658169290750e-01 -2.7534128347122544e-01 0.0000000000000000e+00
3.8600000000000000e+02 6.7026827746893525e-01 -5.6330442037784749e-02 0.0000000000000000e+00
3.8700000000000000e+02 8.4705296807991604e-01 -1.6430050960518885e-01 0.0000000000000000e+00
3.8800000000000000e+02 1.3834860110811042e-01 -1.3925523957232736e-01 0.0000000000000000e+00
3.8900000000000000e+02 8.6358593742559142e-01 -1.0464471297541046e-01 0.0000000000000000e+00
3.9000000000000000e+02 4.6200575152728024e-01 -3.9460380051475646e-01 0.0000000000000000e+00
3.9100000000000000e+02 2.3679317672014039e-01 -3.4398048472376991e-01 0.0000000000000000e+00
3.9200000000000000e+02 2.5983342731978798e-01 -1.2114672435046718e-01 0.0000000000000000e+00
3.9300000000000000e+02 3.7076870038937459e-01 -9.7386805366052806e-02 0.0000000000000000e+00
3.9400000000000000e+02 7.6556258126313659e-01 -2.3863814406286596e-01 0.0000000000000000e+00
3.9500000000000000e+02 8.0857864456489614e-01 -2.0531894944620729e-01 0.0000000000000000e+00
3.9600000000000000e+02 6.0080463879244139e-01 -3.1422367329820150e-01 0.0000000000000000e+00
3.9700000000000000e+02 2.8167378316408226e-01 -3.5121789187285080e-01 0.0000000000000000e+00
3.9800000000000000e+02 7.5704130095801930e-02 -1.8259115994677022e-01 0.0000000000000000e+00
3.9900000000000000e+02 1.4766359301360601e-01 -2.8265664791510403e-01 0.0000000000000000e+00
4.0000000000000000e+02 7.2974108814804362e-01 -6.0700859890550747e-02 0.0000000000000000e+00
4.0100000000000000e+02 7.0985169178347163e-01 -5.8741715854676947e-02 0.0000000000000000e+00
4.0200000000000000e+02 2.1565424824513924e-01 -3.4176413370784503e-01 0.0000000000000000e+00
4.0300000000000000e+02 2.5855123470114705e-01 -3.4768947827299701e-01 0.0000000000000000e+00
4.0400000000000000e+02 8.0088826032229443e-02 -1.4442678063756823e-01 0.0000000000000000e+00
4.0500000000000000e+02 4.3910374213193254e-01 -3.9444189186759299e-01 0.0000000000000000e+00
4.0600000000000000e+02 1.7870493683085581e-01 -1.3495151129768518e-01 0.0000000000000000e+00
4.0700000000000000e+02 4.0839069874296308e-01 -8.9520007036036256e-02 0.0000000000000000e+00
4.0800000000000000e+02 6.8874189946081532e-01 -2.8376647300272484e-01 0.0000000000000000e+00
4.0900000000000000e+02 3.8985344508118835e-01 -9.4259972797395605e-02 0.0000000000000000e+00
4.1000000000000000e+02 3.4413363527559043e-01 -3.4538906156776411e-01 0.0000000000000000e+00
4.1100000000000000e+02 5.2212229223846363e-01 -6.7669267490920726e-02 0.0000000000000000e+00
4.1200000000000000e+02 6.4208923126134010e-01 -7.4848254150770802e-02 0.0000000000000000e+00
4.1300000000000000e+02 8.2545116785822414e-01 -1.0069734499319251e-01 0.0000000000000000e+00
4.1400000000000000e+02 2.7396199138234845e-01 -1.3742577919543958e-01 0.0000000000000000e+00
4.1500000000000000e+02 8.4356352062969242e-01 -1.0405115179448597e-01 0.0000000000000000e+00
4.1600000000000000e+02 4.4102657419878621e-01 -1.0133975905371025e-01 0.0000000000000000e+00
4.1700000000000000e+02 8.0711429142075197e-01 -9.6177324613957879e-02 0.0000000000000000e+00
4.1800000000000000e+02 5.4588742338429097e-01 -3.0861656626804967e-01 0.0000000000000000e+00
4.1900000000000000e+02 8.2200519297721408e-01 -1.9181325684756265e-01 0.0000000000000000e+00
4.2000000000000000e+02 6.0545469270503705e-01 -2.9515347416455912e-01 0.0000000000000000e+00
4.2100000000000000e+02 9.1494479815064006e-02 -1.9962305238324141e-01 0.0000000000000000e+00
4.2200000000000000e+02 3.1992201732694348e-01 -3.4041920004748799e-01 0.0000000000000000e+00
4.2300000000000000e+02 7.6283867764360491e-01 -2.1769150866161299e-01 0.0000000000000000e+00
4.2400000000000000e+02 1.0996877619174941e-01 -1.5996351276337120e-01 0.0000000000000000e+00
4.2500000000000000e+02 4.2504682976914593e-01 -3.7259040788896369e-01 0.0000000000000000e+00
4.2600000000000000e+02 5.7023544897078227e-01 -7.9112173085952475e-02 0.0000000000000000e+00
4.2700000000000000e+02 1.5837868273012351e-01 -1.3761703212724882e-01 0.0000000000000000e+00
4.2800000000000000e+02 7.3322404402194252e-01 -2.3792960640892252e-01 0.0000000000000000e+00
4.2900000000000000e+02 3.7310963874081604e-01 -3.4669682464658186e-01 0.0000000000000000e+00
4.3000000000000000e+02 6.5694019888194322e-01 -2.7803963743262755e-01 0.0000000000000000e+00
4.3100000000000000e+02 1.6713464097055897e-01 -2.9618401073724515e-01 0.0000000000000000e+00
4.3200000000000000e+02 5.6575365038590020e-01 -3.0377994627746441e-01 0.0000000000000000e+00
4.3300000000000000e+02 8.2822718257866057e-01 -1.5596241751491660e-01 0.0000000000000000e+00
4.3400000000000000e+02 8.4289706410177256e-01 -1.4079012617675590e-01 0.0000000000000000e+00
4.3500000000000000e+02 7.4758995199953460e-01 -2.2783955716619939e-01 0.0000000000000000e+00
4.3600000000000000e+02 3.9916333981252394e-01 -3.5799747389489589e-01 0.0000000000000000e+00
4.3700000000000000e+02 3.1158633151494075e-01 -1.2910331053941315e-01 0.0000000000000000e+00
4.3800000000000000e+02 2.5369299158115671e-01 -1.4116517740427648e-01 0.0000000000000000e+00
4.3900000000000000e+02 2.9246545029933779e-01 -1.3345906220835824e-01 0.0000000000000000e+00
4.4000000000000000e+02 2.9692555799377418e-01 -3.3587199145079460e-01 0.0000000000000000e+00
4.4100000000000000e+02 7.5449923404326802e-01 -8.2899125934399784e-02 0.0000000000000000e+00
4.4200000000000000e+02 7.7676734983864193e-01 -2.0871882007285178e-01 0.0000000000000000e+00
4.4300000000000000e+02 5.1894999602646696e-01 -3.3526181573457725e-01 0.0000000000000000e+00
4.4400000000000000e+02 4.8141733832587297e-01 -3.8336570069543813e-01 0.0000000000000000e+00
4.4500000000000000e+02 5.1588734689581883e-01 -8.6794863223167762e-02 0.0000000000000000e+00
4.4600000000000000e+02 2.1239498428661954e-01 -1.4834474068452971e-01 0.0000000000000000e+00
4.4700000000000000e+02 4.9682446687023574e-01 -8.9711098683164417e-02 0.0000000000000000e+00
4.4800000000000000e+02 6.0590993824802608e-01 -7.6484833984451786e-02 0.0000000000000000e+00
4.4900000000000000e+02 7.1075848697441740e-02 -1.6230464390746061e-01 0.0000000000000000e+00
4.5000000000000000e+02 5.5220890982126636e-01 -8.1816222130946539e-02 0.0000000000000000e+00
4.5100000000000000e+02 2.0394329643218967e-01 -3.2423811743501740e-01 0.0000000000000000e+00
4.5200000000000000e+02 6.2380175576103059e-01 -7.5288875123045162e-02 0.0000000000000000e+00
4.5300000000000000e+02 7.0329831125809950e-01 -2.5547434369421412e-01 0.0000000000000000e+00
4.5400000000000000e+02 4.7833172014603537e-01 -9.3499109265687413e-02 0.0000000000000000e+00
4.5500000000000000e+02 6.8022071531616524e-01 -7.5110297023417094e-02 0.0000000000000000e+00
4.5600000000000000e+02 6.6058578429872084e-01 -7.4777491938300522e-02 0.0000000000000000e+00
4.5700000000000000e+02 2.3316462488014023e-01 -1.4448008949687055e-01 0.0000000000000000e+00
4.5800000000000000e+02 8.5302110481769056e-01 -1.2196251618149277e-01 0.0000000000000000e+00
4.5900000000000000e+02 5.2524316075867994e-01 -3.1377172937902431e-01 0.0000000000000000e+00
4.6000000000000000e+02 2.5001861131444686e-01 -3.2786400720483649e-01 0.0000000000000000e+00
4.6100000000000000e+02 9.0310699284769952e-02 -1.6178673364057106e-01 0.0000000000000000e+00
4.6200000000000000e+02 5.8604641150648895e-01 -2.9905177196765576e-01 0.0000000000000000e+00
4.6300000000000000e+02 3.6575583536398337e-01 -1.1721790795913740e-01 0.0000000000000000e+00
4.6400000000000000e+02 8.1543141327025248e-01 -1.7085515895324582e-01 0.0000000000000000e+00
4.6500000000000000e+02 7.9005131715816856e-01 -1.9713156499598122e-01 0.0000000000000000e+00
4.6600000000000000e+02 1.0406148785955663e-01 -2.1635754695689660e-01 0.0000000000000000e+00
4.6700000000000000e+02 5.0007617556224060e-01 -3.7857381733675416e-01 0.0000000000000000e+00
4.6800000000000000e+02 4.5961083553343640e-01 -9.7285393982506324e-02 0.0000000000000000e+00
4.6900000000000000e+02 2.7322344864001219e-01 -3.3132866023188701e-01 0.0000000000000000e+00
4.7000000000000000e+02 1.9207749349845235e-01 -1.5085915569161565e-01 0.0000000000000000e+00
4.7100000000000000e+02 1.5284347144627389e-01 -2.6250111370043644e-01 0.0000000000000000e+00
4.7200000000000000e+02 6.4025701322233319e-01 -2.8475309142474037e-01 0.0000000000000000e+00
4.7300000000000000e+02 3.4836014477349575e-01 -1.2038625198748781e-01 0.0000000000000000e+00
4.7400000000000000e+02 1.3006963207702860e-01 -1.5824254336138749e-01 0.0000000000000000e+00
4.7500000000000000e+02 7.1821609483445104e-01 -2.4668369663433465e-01 0.0000000000000000e+00
4.7600000000000000e+02 8.0266638349028641e-01 -1.8452955791769654e-01 0.0000000000000000e+00
4.7700000000000000e+02 7.8935840768210574e-01 -9.1999855706285369e-02 0.0000000000000000e+00
4.7800000000000000e+02 7.3668440379112798e-01 -8.0200420846351428e-02 0.0000000000000000e+00
4.7900000000000000e+02 1.1880867103697886e-01 -2.3296148123225069e-01 0.0000000000000000e+00
4.8000000000000000e+02 2.2660988890170039e-01 -3.2484590629706184e-01 0.0000000000000000e+00
4.8100000000000000e+02 3.2974174007749996e-01 -1.2437636252835665e-01 0.0000000000000000e+00
4.8200000000000000e+02 1.3461296115645807e-01 -2.4807001618426378e-01 0.0000000000000000e+00
4.8300000000000000e+02 1.8636247707584924e-01 -3.0917955015691173e-01 0.0000000000000000e+00
4.8400000000000000e+02 4.2229332914837264e-01 -1.0594380215478319e-01 0.0000000000000000e+00
4.8500000000000000e+02 7.7184133925494969e-01 -8.7761594091415110e-02 0.0000000000000000e+00
4.8600000000000000e+02 6.7228004892694659e-01 -2.7064012150778394e-01 0.0000000000000000e+00
4.8700000000000000e+02 6.2349648396435153e-01 -2.8985024303313017e-01 0.0000000000000000e+00
4.8800000000000000e+02 5.3436466081165857e-01 -8.4492658277813479e-02 0.0000000000000000e+00
4.8900000000000000e+02 5.1188026353904070e-01 -3.5827744532688122e-01 0.0000000000000000e+00
4.9000000000000000e+02 5.1689253597873697e-01 -3.7759354760536890e-01 0.0000000000000000e+00
4.9100000000000000e+02 5.8808220431727809e-01 -7.7493804481715084e-02 0.0000000000000000e+00
4.9200000000000000e+02 6.9860988915990552e-01 -7.7001513203856037e-02 0.0000000000000000e+00
4.9300000000000000e+02 4.9645954936903319e-01 -3.4089069912317393e-01 0.0000000000000000e+00
4.9400000000000000e+02 2.4772423574133182e-01 -1.6120366389394442e-01 0.0000000000000000e+00
4.9500000000000000e+02 4.5367106542304414e-01 -1.1738081647841003e-01 0.0000000000000000e+00
4.9600000000000000e+02 5.7122139946592421e-01 -2.8368921023593441e-01 0.0000000000000000e+00
4.9700000000000000e+02 8.3295744048918385e-01 -1.2090267162572201e-01 0.0000000000000000e+00
4.9800000000000000e+02 3.3547377162913117e-01 -3.2477558968213066e-01 0.0000000000000000e+00
4.9900000000000000e+02 5.3216804721450484e-01 -2.9283448441112914e-01 0.0000000000000000e+00
5.0000000000000000e+02 5.8104013142718514e-01 -9.7602356749532493e-02 0.0000000000000000e+00
5.0100000000000000e+02 7.4609809708963004e-01 -2.0635579640763085e-01 0.0000000000000000e+00
5.0200000000000000e+02 2.6739153940589644e-01 -1.5709294381793035e-01 0.0000000000000000e+00
5.0300000000000000e+02 4.4805065660249643e-01 -3.7604939965039380e-01 0.0000000000000000e+00
5.0400000000000000e+02 3.1224389544289805e-01 -3.1990715779144679e-01 0.0000000000000000e+00
5.0500000000000000e+02 4.2058106414118307e-01 -3.4580896850541260e-01 0.0000000000000000e+00
5.0600000000000000e+02 6.8847994973322935e-01 -2.6316530529804105e-01 0.0000000000000000e+00
5.0700000000000000e+02 4.0325976698713339e-01 -1.0957721938875531e-01 0.0000000000000000e+00
5.0800000000000000e+02 3.8436271636836500e-01 -1.1401326965322703e-01 0.0000000000000000e+00
5.0900000000000000e+02 8.0897203637512682e-01 -1.5092244334084384e-01 0.0000000000000000e+00
5.1000000000000000e+02 1.7122791374123331e-01 -2.7477618144686311e-01 0.0000000000000000e+00
5.1100000000000000e+02 3.5623036372381522e-01 -3.2855185597482639e-01 0.0000000000000000e+00
5.1200000000000000e+02 1.7089398116143470e-01 -1.5374960115250461e-01 0.0000000000000000e+00
5.1300000000000000e+02 5.5176906899475542e-01 -2.8823878570191641e-01 0.0000000000000000e+00
5.1400000000000000e+02 5.0407156214769122e-01 -3.1851461702097478e-01 0.0000000000000000e+00
5.1500000000000000e+02 2.6524087549654274e-01 -3.1151145666579511e-01 0.0000000000000000e+00
5.1600000000000000e+02 1.0023818717607072e-01 -1.7975040068316439e-01 0.0000000000000000e+00
5.1700000000000000e+02 2.0559321401968975e-01 -1.6655681905060593e-01 0.0000000000000000e+00
5.1800000000000000e+02 7.1667870531930788e-01 -2.2658298238249899e-01 0.0000000000000000e+00
5.1900000000000000e+02 3.9700592664828971e-01 -3.3380008667562505e-01 0.0000000000000000e+00
5.2000000000000000e+02 2.8858864148537272e-01 -3.1519950914257533e-01 0.0000000000000000e+00
5.2100000000000000e+02 1.5044008544889434e-01 -1.5640151636728802e-01 0.0000000000000000e+00
5.2200000000000000e+02 7.5988074347428880e-01 -1.9665711972423666e-01 0.0000000000000000e+00
5.2300000000000000e+02 7.1849442451206602e-01 -7.9152342647119775e-02 0.0000000000000000e+00
5.2400000000000000e+02 2.1372235827621833e-01 -3.0254509688785047e-01 0.0000000000000000e+00
5.2500000000000000e+02 8.2120357158849966e-01 -1.3660207133942401e-01 0.0000000000000000e+00
5.2600000000000000e+02 7.3150765510089388e-01 -2.1669616413702375e-01 0.0000000000000000e+00
5.2700000000000000e+02 8.1333345438097382e-01 -1.1691463617765652e-01 0.0000000000000000e+00
5.2800000000000000e+02 5.9011734176707231e-01 -2.7946614021763194e-01 0.0000000000000000e+00
5.2900000000000000e+02 2.4050829498058990e-01 -3.0740275675834006e-01 0.0000000000000000e+00
5.3000000000000000e+02 2.2655675649616186e-01 -1.6413616295593572e-01 0.0000000000000000e+00
5.3100000000000000e+02 1.1238029469840778e-01 -1.9689693065292688e-01 0.0000000000000000e+00
5.3200000000000000e+02 1.2079548418913866e-01 -1.7791986322703138e-01 0.0000000000000000e+00
5.3300000000000000e+02 5.0959040661204691e-01 -1.0721783097904954e-01 0.0000000000000000e+00
5.3400000000000000e+02 4.7253929361375496e-01 -1.1339799809992097e-01 0.0000000000000000e+00
5.3500000000000000e+02 5.9816052302326095e-01 -9.5170718403216559e-02 0.0000000000000000e+00
5.3600000000000000e+02 5.6318321755320788e-01 -9.9326345730053014e-02 0.0000000000000000e+00
5.3700000000000000e+02 6.3322541326844695e-01 -9.2542389093525967e-02 0.0000000000000000e+00
5.3800000000000000e+02 6.1563978056404323e-01 -9.3263776368194676e-02 0.0000000000000000e+00
5.3900000000000000e+02 4.9129409992652262e-01 -1.0962306090576540e-01 0.0000000000000000e+00
5.4000000000000000e+02 6.7044298537096669e-01 -9.2522284306329000e-02 0.0000000000000000e+00
5.4100000000000000e+02 5.1122707289372493e-01 -2.9746618420616688e-01 0.0000000000000000e+00
5.4200000000000000e+02 6.5201931266926827e-01 -9.2005756316602988e-02 0.0000000000000000e+00
5.4300000000000000e+02 3.2409278980941592e-01 -1.4389507805812407e-01 0.0000000000000000e+00
5.4400000000000000e+02 6.8784608478865117e-01 -2.4370096785653589e-01 0.0000000000000000e+00
5.4500000000000000e+02 7.0249861172967742e-01 -2.3558712658478501e-01 0.0000000000000000e+00
5.4600000000000000e+02 7.9718040424185344e-01 -1.6509832167723784e-01 0.0000000000000000e+00
5.4700000000000000e+02 1.9105489295431199e-01 -2.8804909055791073e-01 0.0000000000000000e+00
5.4800000000000000e+02 7.7396699136158020e-01 -1.9002482310137875e-01 0.0000000000000000e+00
5.4900000000000000e+02 1.8471519770941705e-01 -1.7002996017790087e-01 0.0000000000000000e+00
5.5000000000000000e+02 4.8841662124227758e-01 -3.6203504340701642e-01 0.0000000000000000e+00
5.5100000000000000e+02 3.7870248241277965e-01 -1.3308345989381565e-01 0.0000000000000000e+00
5.5200000000000000e+02 1.7446356955228731e-01 -2.5446931414431961e-01 0.0000000000000000e+00
5.5300000000000000e+02 3.7679860457300129e-01 -3.1774840633846380e-01 0.0000000000000000e+00
5.5400000000000000e+02 3.6127909829472399e-01 -1.3681709689333579e-01 0.0000000000000000e+00
5.5500000000000000e+02 7.9439342230124133e-01 -1.1245492497755147e-01 0.0000000000000000e+00
5.5600000000000000e+02 7.4321337597168247e-01 -9.6876814162467226e-02 0.0000000000000000e+00
5.5700000000000000e+02 1.2431754202658317e-01 -2.1333184328888904e-01 0.0000000000000000e+00
5.5800000000000000e+02 4.6687291845142914e-01 -3.6880350928938843e-01 0.0000000000000000e+00
5.5900000000000000e+02 4.3544437590268664e-01 -1.2110729058413415e-01 0.0000000000000000e+00
5.6000000000000000e+02 3.0573287945426036e-01 -1.4854740327267285e-01 0.0000000000000000e+00
5.6100000000000000e+02 6.5740468639020122e-01 -2.5799083276046936e-01 0.0000000000000000e+00
5.6200000000000000e+02 6.0863656852361436e-01 -2.7527755237923557e-01 0.0000000000000000e+00
5.6300000000000000e+02 4.4747100682020802e-01 -3.5235387926852668e-01 0.0000000000000000e+00
5.6400000000000000e+02 5.2748211632278119e-01 -1.0404008035520325e-01 0.0000000000000000e+00
5.6500000000000000e+02 6.8900981868500666e-01 -9.4674819291650850e-02 0.0000000000000000e+00
5.6600000000000000e+02 1.5630569699271904e-01 -2.4191687707153045e-01 0.0000000000000000e+00
5.6700000000000000e+02 7.5864626110906508e-01 -1.0363466715834009e-01 0.0000000000000000e+00
5.6800000000000000e+02 6.4230468343053804e-01 -2.6416254863862337e-01 0.0000000000000000e+00
5.6900000000000000e+02 1.4273726300497611e-01 -1.7606267978598059e-01 0.0000000000000000e+00
5.7000000000000000e+02 5.9061616687713225e-01 -1.1379775533152585e-01 0.0000000000000000e+00
5.7100000000000000e+02 4.1659197220639782e-01 -1.2505219247683830e-01 0.0000000000000000e+00
5.7200000000000000e+02 3.9768109012847397e-01 -1.2986664797273006e-01 0.0000000000000000e+00
5.7300000000000000e+02 6.2543456472224646e-01 -1.1067106010143521e-01 0.0000000000000000e+00
5.7400000000000000e+02 2.8676537265771557e-01 -1.5250484152413096e-01 0.0000000000000000e+00
5.7500000000000000e+02 5.4562110508196371e-01 -1.0075690846814232e-01 0.0000000000000000e+00
5.7600000000000000e+02 6.7234989522874633e-01 -2.5153859119899907e-01 0.0000000000000000e+00
5.7700000000000000e+02 2.8023643846566509e-01 -2.9571553411581775e-01 0.0000000000000000e+00
5.7800000000000000e+02 4.1576835890646374e-01 -3.2395268535380684e-01 0.0000000000000000e+00
5.7900000000000000e+02 3.2829114267166132e-01 -3.0286134776882917e-01 0.0000000000000000e+00
5.8000000000000000e+02 5.3824014717536461e-01 -2.7286770375781749e-01 0.0000000000000000e+00
5.8100000000000000e+02 1.9331334034685177e-01 -2.6708465219374278e-01 0.0000000000000000e+00
5.8200000000000000e+02 4.8258089908080731e-01 -3.2294514628378668e-01 0.0000000000000000e+00
5.8300000000000000e+02 3.0391726790953294e-01 -2.9915670294774277e-01 0.0000000000000000e+00
5.8400000000000000e+02 7.7559886493302388e-01 -1.0771928376529573e-01 0.0000000000000000e+00
5.8500000000000000e+02 4.6686835282245082e-01 -1.3301395857087631e-01 0.0000000000000000e+00
5.8600000000000000e+02 6.2589604933185006e-01 -2.7040958540287485e-01 0.0000000000000000e+00
5.8700000000000000e+02 2.6092901028100729e-01 -1.7644742618211934e-01 0.0000000000000000e+00
5.8800000000000000e+02 7.4524091386978253e-01 -1.8412957354115164e-01 0.0000000000000000e+00
5.8900000000000000e+02 7.8391115422182711e-01 -1.7835059160716460e-01 0.0000000000000000e+00
5.9000000000000000e+02 5.7606607228039364e-01 -2.6398606178081391e-01 0.0000000000000000e+00
5.9100000000000000e+02 1.3277861345172212e-01 -1.9481531521959544e-01 0.0000000000000000e+00
5.9200000000000000e+02 6.8700747184572841e-01 -2.2385538743385044e-01 0.0000000000000000e+00
5.9300000000000000e+02 5.5678246361523676e-01 -2.6845284687567444e-01 0.0000000000000000e+00
5.9400000000000000e+02 3.4292245252969228e-01 -1.4059574346030135e-01 0.0000000000000000e+00
5.9500000000000000e+02 2.3332468227785580e-01 -2.8885631314746646e-01 0.0000000000000000e+00
5.9600000000000000e+02 4.7356805444583455e-01 -3.4569740095115475e-01 0.0000000000000000e+00
5.9700000000000000e+02 3.5295517927592529e-01 -3.0739007520489825e-01 0.0000000000000000e+00
5.9800000000000000e+02 1.3852691055110555e-01 -2.2794725517855274e-01 0.0000000000000000e+00
5.9900000000000000e+02 7.0133612318251592e-01 -2.1543957354800156e-01 0.0000000000000000e+00
6.0000000000000000e+02 6.0754670186946147e-01 -1.1205388592653995e-01 0.0000000000000000e+00
6.0100000000000000e+02 8.0145532824276633e-01 -1.3186237620863467e-01 0.0000000000000000e+00
6.0200000000000000e+02 7.0802767112474974e-01 -9.7525786167618339e-02 0.0000000000000000e+00
6.0300000000000000e+02 4.9067585777197859e-01 -3.0200661966359027e-01 0.0000000000000000e+00
6.0400000000000000e+02 3.3731011711342695e-01 -1.6008347190586131e-01 0.0000000000000000e+00
6.0500000000000000e+02 2.1998680855399780e-01 -1.8318973398172694e-01 0.0000000000000000e+00
6.0600000000000000e+02 5.7352270320691423e-01 -1.1648872693719989e-01 0.0000000000000000e+00
6.0700000000000000e+02 6.4266432734342571e-01 -1.1041812957162285e-01 0.0000000000000000e+00
6.0800000000000000e+02 5.0316670986451806e-01 -1.2639292894153392e-01 0.0000000000000000e+00
6.0900000000000000e+02 5.1849629141013620e-01 -2.7670925174600469e-01 0.0000000000000000e+00
6.1000000000000000e+02 6.7234026531110380e-01 -2.3137662647572707e-01 0.0000000000000000e+00
6.1100000000000000e+02 2.5751508684990276e-01 -2.9206828723175754e-01 0.0000000000000000e+00
6.1200000000000000e+02 4.0073527043361318e-01 -3.0590594009386929e-01 0.0000000000000000e+00
6.1300000000000000e+02 1.9949320714123134e-01 -1.8536004713267526e-01 0.0000000000000000e+00
6.1400000000000000e+02 4.8504658701079595e-01 -1.2990325663330327e-01 0.0000000000000000e+00
6.1500000000000000e+02 3.9202124992820397e-01 -1.4902539229872205e-01 0.0000000000000000e+00
6.1600000000000000e+02 1.7676853558580399e-01 -2.3274902175140866e-01 0.0000000000000000e+00
6.1700000000000000e+02 1.9593435215191188e-01 -2.4533946246704735e-01 0.0000000000000000e+00
6.1800000000000000e+02 3.7343082785968262e-01 -1.5262867160273105e-01 0.0000000000000000e+00
6.1900000000000000e+02 7.3007509849922814e-01 -1.9501129097461409e-01 0.0000000000000000e+00
6.2000000000000000e+02 6.7939292835572396e-01 -1.1164017889946833e-01 0.0000000000000000e+00
6.2100000000000000e+02 2.8068678235396971e-01 -1.7261842339598285e-01 0.0000000000000000e+00
6.2200000000000000e+02 7.2664824966785935e-01 -9.9232834700177422e-02 0.0000000000000000e+00
6.2300000000000000e+02 1.6323062973055019e-01 -1.7429505616666449e-01 0.0000000000000000e+00
6.2400000000000000e+02 7.1513701339702784e-01 -2.0620940823105169e-01 0.0000000000000000e+00
6.2500000000000000e+02 2.4025659411437972e-01 -1.8024810650843556e-01 0.0000000000000000e+00
6.2600000000000000e+02 2.1207143655579638e-01 -2.7978390292199112e-01 0.0000000000000000e+00
6.2700000000000000e+02 4.4888573256332276e-01 -1.3731105915545405e-01 0.0000000000000000e+00
6.2800000000000000e+02 4.3777111896882337e-01 -3.2706840677022997e-01 0.0000000000000000e+00
6.2900000000000000e+02 5.9389225156189696e-01 -2.5999550625802242e-01 0.0000000000000000e+00
6.3000000000000000e+02 3.1885076964659770e-01 -1.6368234299628553e-01 0.0000000000000000e+00
6.3100000000000000e+02 7.4127670871718931e-01 -1.1827326313490347e-01 0.0000000000000000e+00
6.3200000000000000e+02 6.4284735119195413e-01 -2.4500999083013361e-01 0.0000000000000000e+00
6.3300000000000000e+02 2.9984885106209308e-01 -1.6772218155772609e-01 0.0000000000000000e+00
6.3400000000000000e+02 5.2080158977980273e-01 -1.2373614401298699e-01 0.0000000000000000e+00
6.3500000000000000e+02 7.8933365190731741e-01 -1.4689119864664443e-01 0.0000000000000000e+00
6.3600000000000000e+02 5.6192955697754021e-01 -2.4796309178804940e-01 0.0000000000000000e+00
6.3700000000000000e+02 6.0051701695570769e-01 -1.3086883470903993e-01 0.0000000000000000e+00
6.3800000000000000e+02 7.8137928393191503e-01 -1.2803058080285629e-01 0.0000000000000000e+00
6.3900000000000000e+02 6.8572804103609941e-01 -2.0420195769541513e-01 0.0000000000000000e+00
6.4000000000000000e+02 3.1904752293558614e-01 -2.8251654194476350e-01 0.0000000000000000e+00
6.4100000000000000e+02 6.6094244813302672e-01 -1.1030561094316932e-01 0.0000000000000000e+00
6.4200000000000000e+02 2.9521902032302710e-01 -2.7999385429129936e-01 0.0000000000000000e+00
6.4300000000000000e+02 3.5592741666835664e-01 -1.5598388571205957e-01 0.0000000000000000e+00
6.4400000000000000e+02 2.3002294319392530e-01 -2.7009461790727562e-01 0.0000000000000000e+00
6.4500000000000000e+02 1.5838486034769686e-01 -2.1985734519531880e-01 0.0000000000000000e+00
6.4600000000000000e+02 5.4337242234599126e-01 -2.5150341572460111e-01 0.0000000000000000e+00
6.4700000000000000e+02 4.1035319649845087e-01 -1.4549371774031550e-01 0.0000000000000000e+00
6.4800000000000000e+02 7.1867251430601320e-01 -1.1974030012328292e-01 0.0000000000000000e+00
6.4900000000000000e+02 4.6063690335432661e-01 -3.2722416228828549e-01 0.0000000000000000e+00
6.5000000000000000e+02 3.7379760568308223e-01 -2.9059661742517973e-01 0.0000000000000000e+00
6.5100000000000000e+02 2.5383609363606441e-01 -1.9539240146106651e-01 0.0000000000000000e+00
6.5200000000000000e+02 6.9748563196412694e-01 -1.1387575092541023e-01 0.0000000000000000e+00
6.5300000000000000e+02 2.5041200257850488e-01 -2.7223502646048414e-01 0.0000000000000000e+00
6.5400000000000000e+02 2.3295814883961635e-01 -1.9889442477728531e-01 0.0000000000000000e+00
6.5500000000000000e+02 4.7065538131909573e-01 -3.0555608436024528e-01 0.0000000000000000e+00
6.5600000000000000e+02 6.5769066425811973e-01 -2.3907363284604999e-01 0.0000000000000000e+00
6.5700000000000000e+02 7.6244627128027076e-01 -1.2398495368785037e-01 0.0000000000000000e+00
6.5800000000000000e+02 3.4503974932394027e-01 -2.8571058234836749e-01 0.0000000000000000e+00
6.5900000000000000e+02 6.2773247425333956e-01 -2.5030672162888939e-01 0.0000000000000000e+00
6.6000000000000000e+02 6.6956576097724985e-01 -1.2951945415110799e-01 0.0000000000000000e+00
6.6100000000000000e+02 4.2984360054075554e-01 -1.4132671480713993e-01 0.0000000000000000e+00
6.6200000000000000e+02 2.1401517398850856e-01 -2.5863320542124990e-01 0.0000000000000000e+00
6.6300000000000000e+02 6.4325109929694801e-01 -2.2618371510865268e-01 0.0000000000000000e+00
6.6400000000000000e+02 1.7748718689268195e-01 -1.8977833254675064e-01 0.0000000000000000e+00
6.6500000000000000e+02 6.3437847073077924e-01 -1.2854187066903974e-01 0.0000000000000000e+00
6.6600000000000000e+02 6.7191589171093102e-01 -2.1222089015711848e-01 0.0000000000000000e+00
6.6700000000000000e+02 6.5762723405424273e-01 -2.1983703701840421e-01 0.0000000000000000e+00
6.6800000000000000e+02 5.5674907617550085e-01 -1.1921536594864866e-01 0.0000000000000000e+00
6.6900000000000000e+02 2.7257361308095140e-01 -2.7657387566502206e-01 0.0000000000000000e+00
6.7000000000000000e+02 6.1697966306471230e-01 -1.2964587093813562e-01 0.0000000000000000e+00
6.7100000000000000e+02 7.2827719646794720e-01 -1.7537331507189566e-01 0.0000000000000000e+00
6.7200000000000000e+02 6.5186733719982237e-01 -1.2884460573693324e-01 0.0000000000000000e+00
6.7300000000000000e+02 5.3919726273495960e-01 -1.2140104487479240e-01 0.0000000000000000e+00
6.7400000000000000e+02 4.9839235228194784e-01 -2.8133582996964807e-01 0.0000000000000000e+00
6.7500000000000000e+02 7.4280650635435574e-01 -1.6196076151997352e-01 0.0000000000000000e+00
6.7600000000000000e+02 3.5043055988806593e-01 -1.7532954577300527e-01 0.0000000000000000e+00
6.7700000000000000e+02 6.2867217091463690e-01 -2.3172532817289332e-01 0.0000000000000000e+00
6.7800000000000000e+02 1.7611935411154672e-01 -2.1120097042877314e-01 0.0000000000000000e+00
6.7900000000000000e+02 2.1195587260262144e-01 -2.0178405947477143e-01 0.0000000000000000e+00
6.8000000000000000e+02 1.9981385470054297e-01 -2.2234925790508697e-01 0.0000000000000000e+00
6.8100000000000000e+02 5.2423517785618046e-01 -2.5578971736194323e-01 0.0000000000000000e+00
6.8200000000000000e+02 4.9749648581614919e-01 -1.4581674806384642e-01 0.0000000000000000e+00
6.8300000000000000e+02 4.0554494836017102e-01 -1.6507982540801422e-01 0.0000000000000000e+00
6.8400000000000000e+02 4.7960716890711569e-01 -1.4936398656507258e-01 0.0000000000000000e+00
6.8500000000000000e+02 7.3270290107901870e-01 -1.3976983112688512e-01 0.0000000000000000e+00
6.8600000000000000e+02 7.7898542684218341e-01 -1.6093203981873833e-01 0.0000000000000000e+00
6.8700000000000000e+02 6.1075839340008575e-01 -2.5500809985947998e-01 0.0000000000000000e+00
6.8800000000000000e+02 3.8594899532275984e-01 -1.6854706100871095e-01 0.0000000000000000e+00
6.8900000000000000e+02 2.7483006689300810e-01 -1.9235410376781389e-01 0.0000000000000000e+00
6.9000000000000000e+02 4.6108314319814853e-01 -1.5345554266922895e-01 0.0000000000000000e+00
6.9100000000000000e+02 6.9999005365677991e-01 -1.9464944986396773e-01 0.0000000000000000e+00
6.9200000000000000e+02 7.6194724988141305e-01 -1.7020852645240730e-01 0.0000000000000000e+00
6.9300000000000000e+02 1.4196718375639486e-01 -2.1016210297359686e-01 0.0000000000000000e+00
6.9400000000000000e+02 1.5633029817121902e-01 -1.9628453189685813e-01 0.0000000000000000e+00
6.9500000000000000e+02 4.2630597774266982e-01 -3.0502534077095655e-01 0.0000000000000000e+00
6.9600000000000000e+02 5.8003504517640192e-01 -2.4448076983638234e-01 0.0000000000000000e+00
6.9700000000000000e+02 3.3164190690411527e-01 -1.7839623735098767e-01 0.0000000000000000e+00
6.9800000000000000e+02 5.8299488224119100e-01 -1.3294585758130983e-01 0.0000000000000000e+00
6.9900000000000000e+02 6.8664102109180836e-01 -1.3045672344508849e-01 0.0000000000000000e+00
7.0000000000000000e+02 4.7893503692459971e-01 -2.8495579800799542e-01 0.0000000000000000e+00
7.0100000000000000e+02 5.1468113064664034e-01 -1.4249707457338831e-01 0.0000000000000000e+00
7.0200000000000000e+02 7.5169522444273673e-01 -1.4318155230310137e-01 0.0000000000000000e+00
7.0300000000000000e+02 2.9401673322433480e-01 -1.8827747501095901e-01 0.0000000000000000e+00
7.0400000000000000e+02 3.6046518476278200e-01 -2.6730012105798229e-01 0.0000000000000000e+00
7.0500000000000000e+02 2.8639100570923842e-01 -2.6153642063403748e-01 0.0000000000000000e+00
7.0600000000000000e+02 2.6810356219645565e-01 -2.1255792827387707e-01 0.0000000000000000e+00
7.0700000000000000e+02 3.6788446164454242e-01 -1.7208813272482162e-01 0.0000000000000000e+00
7.0800000000000000e+02 7.1492131625504129e-01 -1.4434179140834710e-01 0.0000000000000000e+00
7.0900000000000000e+02 4.9203726315190238e-01 -1.6567806215842337e-01 0.0000000000000000e+00
7.1000000000000000e+02 6.0989149588575664e-01 -1.4875493323437861e-01 0.0000000000000000e+00
7.1100000000000000e+02 5.4810211990048818e-01 -2.3209647051850901e-01 0.0000000000000000e+00
7.1200000000000000e+02 2.2442019312861253e-01 -2.1775602231784447e-01 0.0000000000000000e+00
7.1300000000000000e+02 7.6933389671775976e-01 -1.4488433169276951e-01 0.0000000000000000e+00
7.1400000000000000e+02 4.4861028105808537e-01 -3.0728729460201626e-01 0.0000000000000000e+00
7.1500000000000000e+02 4.2359499564462844e-01 -1.6153499833244364e-01 0.0000000000000000e+00
7.1600000000000000e+02 2.4652649418576686e-01 -2.1492775161913577e-01 0.0000000000000000e+00
7.1700000000000000e+02 3.0989119148510363e-01 -2.6227406196658071e-01 0.0000000000000000e+00
7.1800000000000000e+02 3.9602843857307107e-01 -2.8254920871262262e-01 0.0000000000000000e+00
7.1900000000000000e+02 3.1370071296707697e-01 -1.8361721909646564e-01 0.0000000000000000e+00
7.2000000000000000e+02 2.4018086766047816e-01 -2.5164829736272309e-01 0.0000000000000000e+00
7.2100000000000000e+02 3.3471508217719875e-01 -2.6358619041997516e-01 0.0000000000000000e+00
7.2200000000000000e+02 7.1384152113300947e-01 -1.8476763974644522e-01 0.0000000000000000e+00
7.2300000000000000e+02 2.6397338591065878e-01 -2.5668264479895136e-01 0.0000000000000000e+00
7.2400000000000000e+02 4.5899198535249341e-01 -2.8779902742869790e-01 0.0000000000000000e+00
7.2500000000000000e+02 6.7726171943440283e-01 -1.4816815280991180e-01 0.0000000000000000e+00
7.2600000000000000e+02 6.6101568108468334e-01 -1.4634298553363942e-01 0.0000000000000000e+00
7.2700000000000000e+02 5.6633352590572705e-01 -1.3567422941745558e-01 0.0000000000000000e+00
7.2800000000000000e+02 6.4418359566701555e-01 -2.0828531628653996e-01 0.0000000000000000e+00
7.2900000000000000e+02 4.8512544609740976e-01 -2.6350014547944739e-01 0.0000000000000000e+00
7.3000000000000000e+02 7.2580527154692476e-01 -1.5716822823842982e-01 0.0000000000000000e+00
7.3100000000000000e+02 6.4359440666626000e-01 -1.4544771735999956e-01 0.0000000000000000e+00
7.3200000000000000e+02 3.6254994524167511e-01 -1.9079163190967441e-01 0.0000000000000000e+00
7.3300000000000000e+02 5.3222214962928793e-01 -1.4051485129810326e-01 0.0000000000000000e+00
7.3400000000000000e+02 4.1802718760573099e-01 -1.8188830762081831e-01 0.0000000000000000e+00
7.3500000000000000e+02 5.3000789568612572e-01 -2.3516022516603033e-01 0.0000000000000000e+00
7.3600000000000000e+02 6.7062794792703528e-01 -1.9154183066992672e-01 0.0000000000000000e+00
7.3700000000000000e+02 6.1286840021914024e-01 -2.3563633043614271e-01 0.0000000000000000e+00
7.3800000000000000e+02 1.9309796105449381e-01 -2.0287563618110654e-01 0.0000000000000000e+00
7.3900000000000000e+02 3.8497807033745457e-01 -2.6523298921920457e-01 0.0000000000000000e+00
7.4000000000000000e+02 5.0516124630200188e-01 -2.5947668013172248e-01 0.0000000000000000e+00
7.4100000000000000e+02 7.1237147192385852e-01 -1.6459176576976123e-01 0.0000000000000000e+00
7.4200000000000000e+02 5.9693886315263378e-01 -2.4060944640480683e-01 0.0000000000000000e+00
7.4300000000000000e+02 6.2618147189159823e-01 -1.4588807839146684e-01 0.0000000000000000e+00
7.4400000000000000e+02 4.7401091784230209e-01 -1.6977937007716770e-01 0.0000000000000000e+00
7.4500000000000000e+02 4.1760509310757904e-01 -2.8443573872825240e-01 0.0000000000000000e+00
7.4600000000000000e+02 6.8436738767782068e-01 -1.8267280553895718e-01 0.0000000000000000e+00
7.4700000000000000e+02 5.0858044179129114e-01 -1.6097545931317514e-01 0.0000000000000000e+00
7.4800000000000000e+02 2.8902016203906400e-01 -2.0789120087879617e-01 0.0000000000000000e+00
7.4900000000000000e+02 5.6692822558989209e-01 -2.2873483541254441e-01 0.0000000000000000e+00
7.5000000000000000e+02 3.9938974785991610e-01 -1.8533373189113156e-01 0.0000000000000000e+00
7.5100000000000000e+02 3.4464417681685083e-01 -1.9326119587555801e-01 0.0000000000000000e+00
7.5200000000000000e+02 5.9259234001879191e-01 -1.5166026510520586e-01 0.0000000000000000e+00
7.5300000000000000e+02 2.1817920996909834e-01 -2.3763183578792810e-01 0.0000000000000000e+00
7.5400000000000000e+02 4.4290315640169337e-01 -1.5683646805924975e-01 0.0000000000000000e+00
7.5500000000000000e+02 7.0242353918890765e-01 -1.3121854040273240e-01 0.0000000000000000e+00
7.5600000000000000e+02 6.2919798949073003e-01 -2.1224052252044298e-01 0.0000000000000000e+00
7.5700000000000000e+02 6.9652016499574887e-01 -1.5098197953531806e-01 0.0000000000000000e+00
7.5800000000000000e+02 2.9832131223905028e-01 -2.4306354716182960e-01 0.0000000000000000e+00
7.5900000000000000e+02 2.6035894652415781e-01 -2.3427972654524348e-01 0.0000000000000000e+00
7.6000000000000000e+02 4.6690933261153428e-01 -2.6692675898910917e-01 0.0000000000000000e+00
7.6100000000000000e+02 3.8025414732423618e-01 -1.8800775490500063e-01 0.0000000000000000e+00
7.6200000000000000e+02 3.5006016108425264e-01 -2.4572558230198968e-01 0.0000000000000000e+00
7.6300000000000000e+02 5.4947257380878112e-01 -1.3852215373951624e-01 0.0000000000000000e+00
7.6400000000000000e+02 4.3682406486366060e-01 -1.7809801751736945e-01 0.0000000000000000e+00
7.6500000000000000e+02 5.3510108337140305e-01 -2.1457173387539125e-01 0.0000000000000000e+00
7.6600000000000000e+02 4.3809618085340646e-01 -2.8609829971760120e-01 0.0000000000000000e+00
7.6700000000000000e+02 3.2310351309756463e-01 -2.4104980462120520e-01 0.0000000000000000e+00
7.6800000000000000e+02 6.1869362499830738e-01 -1.6608136568480467e-01 0.0000000000000000e+00
7.6900000000000000e+02 2.3748985712660362e-01 -2.3194922062399609e-01 0.0000000000000000e+00
7.7000000000000000e+02 6.9860633054360066e-01 -1.7415306938476535e-01 0.0000000000000000e+00
7.7100000000000000e+02 5.1108849760357056e-01 -2.3928213933370399e-01 0.0000000000000000e+00
7.7200000000000000e+02 6.5737906091448595e-01 -2.0032584977901280e-01 0.0000000000000000e+00
7.7300000000000000e+02 2.7858591199315141e-01 -2.4445027073201589e-01 0.0000000000000000e+00
7.7400000000000000e+02 6.6914850316190222e-01 -1.6796456306635760e-01 0.0000000000000000e+00
7.7500000000000000e+02 5.7568225706263543e-01 -1.5302332872095240e-01 0.0000000000000000e+00
7.7600000000000000e+02 4.7191050210262653e-01 -2.4724690687817416e-01 0.0000000000000000e+00
7.7700000000000000e+02 3.7336353689386004e-01 -2.0810384531896980e-01 0.0000000000000000e+00
7.7800000000000000e+02 6.5710692673936510e-01 -1.8077360852900135e-01 0.0000000000000000e+00
7.7900000000000000e+02 5.1681773229093431e-01 -2.1750728354639889e-01 0.0000000000000000e+00
7.8000000000000000e+02 4.3106128457019316e-01 -1.9817553017552339e-01 0.0000000000000000e+00
7.8100000000000000e+02 5.8342672612565949e-01 -2.2481422971404363e-01 0.0000000000000000e+00
7.8200000000000000e+02 6.3519317061446445e-01 -1.6212048915595598e-01 0.0000000000000000e+00
7.8300000000000000e+02 4.8741723509374857e-01 -1.8566003485528390e-01 0.0000000000000000e+00
7.8400000000000000e+02 3.2617275923056971e-01 -1.9732451397757195e-01 0.0000000000000000e+00
7.8500000000000000e+02 4.0787358017119135e-01 -2.6315411830088858e-01 0.0000000000000000e+00
7.8600000000000000e+02 5.2564334869412044e-01 -1.5862372424173216e-01 0.0000000000000000e+00
7.8700000000000000e+02 5.5386166718499286e-01 -2.1162319092493995e-01 0.0000000000000000e+00
7.8800000000000000e+02 4.1229718829050294e-01 -2.0139070209810103e-01 0.0000000000000000e+00
7.8900000000000000e+02 3.5541745367473204e-01 -2.0941569792612097e-01 0.0000000000000000e+00
7.9000000000000000e+02 6.0264572713710940e-01 -1.6928022843074716e-01 0.0000000000000000e+00
7.9100000000000000e+02 6.1471534494963820e-01 -2.1653369828746341e-01 0.0000000000000000e+00
7.9200000000000000e+02 6.3102039487496187e-01 -1.9605792132156005e-01 0.0000000000000000e+00
7.9300000000000000e+02 6.5190477438029981e-01 -1.6251689683634399e-01 0.0000000000000000e+00
7.9400000000000000e+02 6.4388843860286415e-01 -1.8996337691928522e-01 0.0000000000000000e+00
7.9500000000000000e+02 3.7348577442234759e-01 -2.4674352929363058e-01 0.0000000000000000e+00
7.9600000000000000e+02 4.5611113046923907e-01 -1.7374011405925521e-01 0.0000000000000000e+00
7.9700000000000000e+02 4.9092033022377601e-01 -2.4338027761114761e-01 0.0000000000000000e+00
7.9800000000000000e+02 5.0462123678615034e-01 -1.8140208379533904e-01 0.0000000000000000e+00
7.9900000000000000e+02 4.5253358991586951e-01 -2.5193902967328857e-01 0.0000000000000000e+00
8.0000000000000000e+02 3.9262366092215228e-01 -2.0506112529148146e-01 0.0000000000000000e+00
8.0100000000000000e+02 3.4317843042529039e-01 -2.2646002604022947e-01 0.0000000000000000e+00
8.0200000000000000e+02 4.5009661043746091e-01 -1.9382784554977234e-01 0.0000000000000000e+00
8.0300000000000000e+02 3.0454287712544365e-01 -2.2335153425587478e-01 0.0000000000000000e+00
8.0400000000000000e+02 4.4880623241841083e-01 -2.7052898968710476e-01 0.0000000000000000e+00
8.0500000000000000e+02 4.9690631449640127e-01 -2.2198621065596613e-01 0.0000000000000000e+00
8.0600000000000000e+02 6.8487180255554769e-01 -1.6431169048817143e-01 0.0000000000000000e+00
8.0700000000000000e+02 5.9919183913259400e-01 -2.2125581863114793e-01 0.0000000000000000e+00
8.0800000000000000e+02 3.0827590770562152e-01 -2.0347210893870732e-01 0.0000000000000000e+00
8.0900000000000000e+02 2.8301016709842286e-01 -2.2720214054667501e-01 0.0000000000000000e+00
8.1000000000000000e+02 6.1477326440462732e-01 -1.9133312293784449e-01 0.0000000000000000e+00
8.1100000000000000e+02 3.8440463782539225e-01 -2.2608562612962033e-01 0.0000000000000000e+00
8.1200000000000000e+02 5.7173648301275592e-01 -2.0855469696080811e-01 0.0000000000000000e+00
8.1300000000000000e+02 5.5914914349629119e-01 -1.5510890645401740e-01 0.0000000000000000e+00
8.1400000000000000e+02 4.4448600745041006e-01 -2.1469820301971429e-01 0.0000000000000000e+00
8.1500000000000000e+02 6.4328076697341641e-01 -1.7506106547414624e-01 0.0000000000000000e+00
8.1600000000000000e+02 5.4238639769262187e-01 -1.5701138211964799e-01 0.0000000000000000e+00
8.1700000000000000e+02 6.2949160061929998e-01 -1.8013518843078180e-01 0.0000000000000000e+00
8.1800000000000000e+02 3.2316555821444359e-01 -2.1751085096713296e-01 0.0000000000000000e+00
8.1900000000000000e+02 4.5794393036075143e-01 -2.3185945466978836e-01 0.0000000000000000e+00
8.2000000000000000e+02 5.2204039458189333e-01 -1.9493001253982831e-01 0.0000000000000000e+00
8.2100000000000000e+02 3.9560824594807137e-01 -2.4493311601597925e-01 0.0000000000000000e+00
8.2200000000000000e+02 5.4216852667075011e-01 -1.9453787378915843e-01 0.0000000000000000e+00
8.2300000000000000e+02 4.7711841774430064e-01 -2.2705767908917740e-01 0.0000000000000000e+00
8.2400000000000000e+02 4.6910785827087270e-01 -1.8965850880474622e-01 0.0000000000000000e+00
8.2500000000000000e+02 4.2496880920850733e-01 -2.1846626679914743e-01 0.0000000000000000e+00
8.2600000000000000e+02 4.3076415805178125e-01 -2.6222192118247550e-01 0.0000000000000000e+00
8.2700000000000000e+02 5.8579550909667100e-01 -1.7013438038854789e-01 0.0000000000000000e+00
8.2800000000000000e+02 5.1921295837231474e-01 -1.7447440987553067e-01 0.0000000000000000e+00
8.2900000000000000e+02 5.0214573762282744e-01 -2.0126826957006153e-01 0.0000000000000000e+00
8.3000000000000000e+02 4.8272402735173325e-01 -2.0597602467446208e-01 0.0000000000000000e+00
8.3100000000000000e+02 3.6327467576625916e-01 -2.2750081968728600e-01 0.0000000000000000e+00
8.3200000000000000e+02 3.3843800818169856e-01 -2.0871338559279454e-01 0.0000000000000000e+00
8.3300000000000000e+02 4.6388869089506779e-01 -2.1082548706445634e-01 0.0000000000000000e+00
8.3400000000000000e+02 4.3827157490821328e-01 -2.3719187352363966e-01 0.0000000000000000e+00
8.3500000000000000e+02 6.0283299119154088e-01 -2.0376227647179984e-01 0.0000000000000000e+00
8.3600000000000000e+02 4.0516563842012132e-01 -2.2298514924630297e-01 0.0000000000000000e+00
8.3700000000000000e+02 5.9566244027411208e-01 -1.8779062759513096e-01 0.0000000000000000e+00
8.3800000000000000e+02 5.6135652887720822e-01 -1.9187021249279523e-01 0.0000000000000000e+00
8.3900000000000000e+02 5.3450427402142175e-01 -1.7563008299076704e-01 0.0000000000000000e+00
8.4000000000000000e+02 5.8795611734089892e-01 -2.0537674375909706e-01 0.0000000000000000e+00
8.4100000000000000e+02 4.1795651503422354e-01 -2.4239035903299574e-01 0.0000000000000000e+00
8.4200000000000000e+02 5.6841843167558603e-01 -1.7241479693801662e-01 0.0000000000000000e+00
8.4300000000000000e+02 5.5203563324667915e-01 -1.7414258480067862e-01 0.0000000000000000e+00
8.4400000000000000e+02 5.7830920429646548e-01 -1.8927799007022789e-01 0.0000000000000000e+00
