   1.0000000000000000e+00   2.0000000000000000e+00   2.4000000000000000e+01   3.6951742195631188e-03   0.0000000000000000e+00
   2.0000000000000000e+00   2.0000000000000000e+00   3.5000000000000000e+01   2.6037554779091286e-03   0.0000000000000000e+00
   3.0000000000000000e+00   3.0000000000000000e+00   2.5000000000000000e+01   2.5291226864104749e-03   0.0000000000000000e+00
   4.0000000000000000e+00   3.0000000000000000e+00   3.5000000000000000e+01   2.7972102451941884e-03   0.0000000000000000e+00
   5.0000000000000000e+00   4.0000000000000000e+00   2.5000000000000000e+01   2.6259720427754757e-03   0.0000000000000000e+00
   6.0000000000000000e+00   4.0000000000000000e+00   2.6000000000000000e+01   2.0181898241280116e-03   0.0000000000000000e+00
   7.0000000000000000e+00   5.0000000000000000e+00   2.6000000000000000e+01   2.4201167683292326e-03   0.0000000000000000e+00
   8.0000000000000000e+00   6.0000000000000000e+00   2.6000000000000000e+01   1.8967480125683047e-03   0.0000000000000000e+00
   9.0000000000000000e+00   6.0000000000000000e+00   3.9000000000000000e+01   2.4600668689485953e-03   0.0000000000000000e+00
   1.0000000000000000e+01   6.0000000000000000e+00   4.7000000000000000e+01   3.7386158963134256e-03   0.0000000000000000e+00
   1.1000000000000000e+01   6.0000000000000000e+00   8.3000000000000000e+01   2.4586355512856649e-03   0.0000000000000000e+00
   1.2000000000000000e+01   7.0000000000000000e+00   2.7000000000000000e+01   2.5643377341015932e-03   0.0000000000000000e+00
   1.3000000000000000e+01   7.0000000000000000e+00   3.9000000000000000e+01   2.5430452618844996e-03   0.0000000000000000e+00
   1.4000000000000000e+01   7.0000000000000000e+00   8.3000000000000000e+01   2.8085254419672103e-03   0.0000000000000000e+00
   1.5000000000000000e+01   7.0000000000000000e+00   9.2000000000000000e+01   2.6155847545975930e-03   0.0000000000000000e+00
   1.6000000000000000e+01   8.0000000000000000e+00   2.7000000000000000e+01   2.7713381429916276e-03   0.0000000000000000e+00
   1.7000000000000000e+01   8.0000000000000000e+00   3.7000000000000000e+01   2.5577400342391586e-03   0.0000000000000000e+00
   1.8000000000000000e+01   8.0000000000000000e+00   8.2000000000000000e+01   2.6535625400933445e-03   0.0000000000000000e+00
   1.9000000000000000e+01   8.0000000000000000e+00   9.2000000000000000e+01   2.8936271859614721e-03   0.0000000000000000e+00
   2.0000000000000000e+01   9.0000000000000000e+00   2.8000000000000000e+01   2.5580666869896114e-03   0.0000000000000000e+00
   2.1000000000000000e+01   9.0000000000000000e+00   3.7000000000000000e+01   2.7648724057355517e-03   0.0000000000000000e+00
   2.2000000000000000e+01   9.0000000000000000e+00   8.2000000000000000e+01   2.9199381573452401e-03   0.0000000000000000e+00
   2.3000000000000000e+01   9.0000000000000000e+00   9.1000000000000000e+01   2.6470660324259131e-03   0.0000000000000000e+00
   2.4000000000000000e+01   1.0000000000000000e+01   2.8000000000000000e+01   2.7803496901282862e-03   0.0000000000000000e+00
   2.5000000000000000e+01   1.0000000000000000e+01   3.8000000000000000e+01   2.5693949793614318e-03   0.0000000000000000e+00
   2.6000000000000000e+01   1.0000000000000000e+01   8.1000000000000000e+01   2.6734326998626976e-03   0.0000000000000000e+00
   2.7000000000000000e+01   1.0000000000000000e+01   9.1000000000000000e+01   2.8786181323325844e-03   0.0000000000000000e+00
   2.8000000000000000e+01   1.1000000000000000e+01   2.9000000000000000e+01   2.5796305544709902e-03   0.0000000000000000e+00
   2.9000000000000000e+01   1.1000000000000000e+01   3.8000000000000000e+01   2.8054218043755304e-03   0.0000000000000000e+00
   3.0000000000000000e+01   1.1000000000000000e+01   8.1000000000000000e+01   2.8596030536227604e-03   0.0000000000000000e+00
   3.1000000000000000e+01   1.1000000000000000e+01   9.0000000000000000e+01   2.6865369262586130e-03   0.0000000000000000e+00
   3.2000000000000000e+01   1.2000000000000000e+01   2.9000000000000000e+01   2.8209849074622758e-03   0.0000000000000000e+00
   3.3000000000000000e+01   1.2000000000000000e+01   3.6000000000000000e+01   2.5845003850171609e-03   0.0000000000000000e+00
   3.4000000000000000e+01   1.2000000000000000e+01   8.0000000000000000e+01   2.6881612911734726e-03   0.0000000000000000e+00
   3.5000000000000000e+01   1.2000000000000000e+01   9.0000000000000000e+01   2.8228870045452089e-03   0.0000000000000000e+00
   3.6000000000000000e+01   1.3000000000000000e+01   1.5000000000000000e+01   2.5856529505961308e-03   0.0000000000000000e+00
   3.7000000000000000e+01   1.3000000000000000e+01   3.6000000000000000e+01   2.8241166060108576e-03   0.0000000000000000e+00
   3.8000000000000000e+01   1.3000000000000000e+01   6.8000000000000000e+01   3.5183403839236672e-03   0.0000000000000000e+00
   3.9000000000000000e+01   1.3000000000000000e+01   8.0000000000000000e+01   2.6581421358480802e-03   0.0000000000000000e+00
   4.0000000000000000e+01   1.5000000000000000e+01   3.6000000000000000e+01   2.7720247724283293e-03   0.0000000000000000e+00
   4.1000000000000000e+01   1.6000000000000000e+01   3.0000000000000000e+01   2.7815201189002204e-03   0.0000000000000000e+00
   4.2000000000000000e+01   1.6000000000000000e+01   3.6000000000000000e+01   2.5868067741087078e-03   0.0000000000000000e+00
   4.3000000000000000e+01   1.7000000000000000e+01   3.0000000000000000e+01   2.5924903774710260e-03   0.0000000000000000e+00
   4.4000000000000000e+01   1.7000000000000000e+01   3.1000000000000000e+01   2.8240166051699948e-03   0.0000000000000000e+00
   4.5000000000000000e+01   1.8000000000000000e+01   3.1000000000000000e+01   2.6174071058082385e-03   0.0000000000000000e+00
   4.6000000000000000e+01   1.9000000000000000e+01   3.1000000000000000e+01   2.8862345543979500e-03   0.0000000000000000e+00
   4.7000000000000000e+01   1.9000000000000000e+01   3.2000000000000000e+01   2.5289546315671908e-03   0.0000000000000000e+00
   4.8000000000000000e+01   2.0000000000000000e+01   3.2000000000000000e+01   2.9821967047623517e-03   0.0000000000000000e+00
   4.9000000000000000e+01   2.0000000000000000e+01   4.0000000000000000e+01   2.4382846312458969e-03   0.0000000000000000e+00
   5.0000000000000000e+01   2.1000000000000000e+01   3.3000000000000000e+01   2.5361026973414590e-03   0.0000000000000000e+00
   5.1000000000000000e+01   2.1000000000000000e+01   4.0000000000000000e+01   2.7769408340807562e-03   0.0000000000000000e+00
   5.2000000000000000e+01   2.2000000000000000e+01   3.3000000000000000e+01   2.6517735814944161e-03   0.0000000000000000e+00
   5.3000000000000000e+01   2.2000000000000000e+01   4.1000000000000000e+01   2.6018302938511412e-03   0.0000000000000000e+00
   5.4000000000000000e+01   2.3000000000000000e+01   3.4000000000000000e+01   2.3765228203417111e-03   0.0000000000000000e+00
   5.5000000000000000e+01   2.3000000000000000e+01   4.1000000000000000e+01   2.5257775843616484e-03   0.0000000000000000e+00
   5.6000000000000000e+01   2.4000000000000000e+01   3.4000000000000000e+01   2.5786884930039805e-03   0.0000000000000000e+00
   5.7000000000000000e+01   2.4000000000000000e+01   3.5000000000000000e+01   3.0464442390462339e-03   0.0000000000000000e+00
   5.8000000000000000e+01   2.5000000000000000e+01   2.6000000000000000e+01   2.0854919250712046e-03   0.0000000000000000e+00
   5.9000000000000000e+01   2.5000000000000000e+01   3.5000000000000000e+01   2.3355597314584889e-03   0.0000000000000000e+00
   6.0000000000000000e+01   2.5000000000000000e+01   3.9000000000000000e+01   2.5171784231204802e-03   0.0000000000000000e+00
   6.1000000000000000e+01   2.5000000000000000e+01   4.2000000000000000e+01   2.9298115927230881e-03   0.0000000000000000e+00
   6.2000000000000000e+01   2.6000000000000000e+01   3.9000000000000000e+01   2.3322478431276228e-03   0.0000000000000000e+00
   6.3000000000000000e+01   2.7000000000000000e+01   3.7000000000000000e+01   2.7702681153001360e-03   0.0000000000000000e+00
   6.4000000000000000e+01   2.7000000000000000e+01   3.9000000000000000e+01   2.6523887267118338e-03   0.0000000000000000e+00
   6.5000000000000000e+01   2.7000000000000000e+01   4.2000000000000000e+01   2.9610801251799272e-03   0.0000000000000000e+00
   6.6000000000000000e+01   2.7000000000000000e+01   4.5000000000000000e+01   2.5682975962194108e-03   0.0000000000000000e+00
   6.7000000000000000e+01   2.8000000000000000e+01   3.7000000000000000e+01   2.7547178207000126e-03   0.0000000000000000e+00
   6.8000000000000000e+01   2.8000000000000000e+01   3.8000000000000000e+01   2.7551755658915648e-03   0.0000000000000000e+00
   6.9000000000000000e+01   2.8000000000000000e+01   4.3000000000000000e+01   2.7545957460233927e-03   0.0000000000000000e+00
   7.0000000000000000e+01   2.8000000000000000e+01   4.6000000000000000e+01   2.5593440819932614e-03   0.0000000000000000e+00
   7.1000000000000000e+01   2.9000000000000000e+01   3.0000000000000000e+01   2.5848704578783064e-03   0.0000000000000000e+00
   7.2000000000000000e+01   2.9000000000000000e+01   3.6000000000000000e+01   2.7712487328464676e-03   0.0000000000000000e+00
   7.3000000000000000e+01   2.9000000000000000e+01   3.8000000000000000e+01   2.7636419647949972e-03   0.0000000000000000e+00
   7.4000000000000000e+01   2.9000000000000000e+01   4.4000000000000000e+01   2.8229891303948149e-03   0.0000000000000000e+00
   7.5000000000000000e+01   3.0000000000000000e+01   3.1000000000000000e+01   2.8425425780216800e-03   0.0000000000000000e+00
   7.6000000000000000e+01   3.0000000000000000e+01   3.6000000000000000e+01   2.8272231177543508e-03   0.0000000000000000e+00
   7.7000000000000000e+01   3.0000000000000000e+01   4.4000000000000000e+01   2.7804501636754745e-03   0.0000000000000000e+00
   7.8000000000000000e+01   3.1000000000000000e+01   3.2000000000000000e+01   2.8244188602397570e-03   0.0000000000000000e+00
   7.9000000000000000e+01   3.1000000000000000e+01   4.4000000000000000e+01   2.5807036127506009e-03   0.0000000000000000e+00
   8.0000000000000000e+01   3.2000000000000000e+01   4.0000000000000000e+01   2.6959298742448251e-03   0.0000000000000000e+00
   8.1000000000000000e+01   3.2000000000000000e+01   4.4000000000000000e+01   2.8496775863944622e-03   0.0000000000000000e+00
   8.2000000000000000e+01   3.2000000000000000e+01   4.6000000000000000e+01   2.5506550409698171e-03   0.0000000000000000e+00
   8.3000000000000000e+01   3.3000000000000000e+01   4.0000000000000000e+01   2.5282481724366434e-03   0.0000000000000000e+00
   8.4000000000000000e+01   3.3000000000000000e+01   4.1000000000000000e+01   2.4896931048056016e-03   0.0000000000000000e+00
   8.5000000000000000e+01   3.3000000000000000e+01   4.3000000000000000e+01   2.7037649756941895e-03   0.0000000000000000e+00
   8.6000000000000000e+01   3.3000000000000000e+01   4.5000000000000000e+01   2.5981833954784703e-03   0.0000000000000000e+00
   8.7000000000000000e+01   3.4000000000000000e+01   3.5000000000000000e+01   2.4304957083135050e-03   0.0000000000000000e+00
   8.8000000000000000e+01   3.4000000000000000e+01   4.1000000000000000e+01   2.3459291761345731e-03   0.0000000000000000e+00
   8.9000000000000000e+01   3.4000000000000000e+01   4.2000000000000000e+01   2.5505567937157436e-03   0.0000000000000000e+00
   9.0000000000000000e+01   3.5000000000000000e+01   4.2000000000000000e+01   3.0364837766900720e-03   0.0000000000000000e+00
   9.1000000000000000e+01   3.7000000000000000e+01   4.3000000000000000e+01   2.5532881936527396e-03   0.0000000000000000e+00
   9.2000000000000000e+01   3.7000000000000000e+01   4.5000000000000000e+01   2.7498825722424387e-03   0.0000000000000000e+00
   9.3000000000000000e+01   3.8000000000000000e+01   4.4000000000000000e+01   2.5758296271795292e-03   0.0000000000000000e+00
   9.4000000000000000e+01   3.8000000000000000e+01   4.6000000000000000e+01   2.7957183103942489e-03   0.0000000000000000e+00
   9.5000000000000000e+01   3.9000000000000000e+01   4.2000000000000000e+01   2.6677349961683997e-03   0.0000000000000000e+00
   9.6000000000000000e+01   4.0000000000000000e+01   4.3000000000000000e+01   2.5248054422978344e-03   0.0000000000000000e+00
   9.7000000000000000e+01   4.0000000000000000e+01   4.6000000000000000e+01   2.7890704027864299e-03   0.0000000000000000e+00
   9.8000000000000000e+01   4.1000000000000000e+01   4.2000000000000000e+01   2.8537277877139920e-03   0.0000000000000000e+00
   9.9000000000000000e+01   4.1000000000000000e+01   4.5000000000000000e+01   2.5986714591324928e-03   0.0000000000000000e+00
   1.0000000000000000e+02   4.2000000000000000e+01   4.5000000000000000e+01   3.0295093784508927e-03   0.0000000000000000e+00
   1.0100000000000000e+02   4.3000000000000000e+01   4.5000000000000000e+01   2.7298200954958352e-03   0.0000000000000000e+00
   1.0200000000000000e+02   4.3000000000000000e+01   4.6000000000000000e+01   2.7093748321814467e-03   0.0000000000000000e+00
   1.0300000000000000e+02   4.4000000000000000e+01   4.6000000000000000e+01   2.7525473128273692e-03   0.0000000000000000e+00
   1.0400000000000000e+02   4.7000000000000000e+01   6.9000000000000000e+01   2.7167486917378443e-03   0.0000000000000000e+00
   1.0500000000000000e+02   4.7000000000000000e+01   8.3000000000000000e+01   3.6236749150891602e-03   0.0000000000000000e+00
   1.0600000000000000e+02   4.8000000000000000e+01   6.9000000000000000e+01   2.3683890743964025e-03   0.0000000000000000e+00
   1.0700000000000000e+02   4.8000000000000000e+01   8.4000000000000000e+01   2.7054840241473527e-03   0.0000000000000000e+00
   1.0800000000000000e+02   4.9000000000000000e+01   7.0000000000000000e+01   2.8950647268136398e-03   0.0000000000000000e+00
   1.0900000000000000e+02   4.9000000000000000e+01   8.4000000000000000e+01   2.7194810561191390e-03   0.0000000000000000e+00
   1.1000000000000000e+02   5.0000000000000000e+01   7.0000000000000000e+01   2.7999483640753623e-03   0.0000000000000000e+00
   1.1100000000000000e+02   5.0000000000000000e+01   7.1000000000000000e+01   3.0526810993038657e-03   0.0000000000000000e+00
   1.1200000000000000e+02   5.1000000000000000e+01   7.1000000000000000e+01   3.2494388751058371e-03   0.0000000000000000e+00
   1.1300000000000000e+02   5.1000000000000000e+01   7.2000000000000000e+01   2.4315449041305555e-03   0.0000000000000000e+00
   1.1400000000000000e+02   5.2000000000000000e+01   7.2000000000000000e+01   2.7710635856808118e-03   0.0000000000000000e+00
   1.1500000000000000e+02   5.2000000000000000e+01   7.3000000000000000e+01   1.9395449110230539e-03   0.0000000000000000e+00
   1.1600000000000000e+02   5.3000000000000000e+01   7.3000000000000000e+01   2.4349192142695546e-03   0.0000000000000000e+00
   1.1700000000000000e+02   5.4000000000000000e+01   7.3000000000000000e+01   1.9189207198704956e-03   0.0000000000000000e+00
   1.1800000000000000e+02   5.4000000000000000e+01   8.6000000000000000e+01   2.6435214197585728e-03   0.0000000000000000e+00
   1.1900000000000000e+02   5.4000000000000000e+01   1.1800000000000000e+02   3.1696308137596461e-03   0.0000000000000000e+00
   1.2000000000000000e+02   5.4000000000000000e+01   1.5200000000000000e+02   2.7557465840470962e-03   0.0000000000000000e+00
   1.2100000000000000e+02   5.5000000000000000e+01   7.4000000000000000e+01   2.8116602861651078e-03   0.0000000000000000e+00
   1.2200000000000000e+02   5.5000000000000000e+01   8.6000000000000000e+01   2.5694941330216751e-03   0.0000000000000000e+00
   1.2300000000000000e+02   5.5000000000000000e+01   1.5100000000000000e+02   2.8415815972389516e-03   0.0000000000000000e+00
   1.2400000000000000e+02   5.5000000000000000e+01   1.5200000000000000e+02   3.3120029071713572e-03   0.0000000000000000e+00
   1.2500000000000000e+02   5.6000000000000000e+01   7.4000000000000000e+01   2.8016606549237932e-03   0.0000000000000000e+00
   1.2600000000000000e+02   5.6000000000000000e+01   8.7000000000000000e+01   2.7182484275844495e-03   0.0000000000000000e+00
   1.2700000000000000e+02   5.6000000000000000e+01   1.5100000000000000e+02   3.0014678195628038e-03   0.0000000000000000e+00
   1.2800000000000000e+02   5.6000000000000000e+01   1.5800000000000000e+02   2.9056356720028940e-03   0.0000000000000000e+00
   1.2900000000000000e+02   5.7000000000000000e+01   7.5000000000000000e+01   2.6230303324502381e-03   0.0000000000000000e+00
   1.3000000000000000e+02   5.7000000000000000e+01   8.7000000000000000e+01   2.6772666437214674e-03   0.0000000000000000e+00
   1.3100000000000000e+02   5.7000000000000000e+01   1.5000000000000000e+02   2.8409012340771772e-03   0.0000000000000000e+00
   1.3200000000000000e+02   5.7000000000000000e+01   1.5800000000000000e+02   2.9228903228831447e-03   0.0000000000000000e+00
   1.3300000000000000e+02   5.8000000000000000e+01   7.5000000000000000e+01   2.5709950311560360e-03   0.0000000000000000e+00
   1.3400000000000000e+02   5.8000000000000000e+01   8.5000000000000000e+01   2.8427358859908817e-03   0.0000000000000000e+00
   1.3500000000000000e+02   5.8000000000000000e+01   1.5000000000000000e+02   2.7772905708484306e-03   0.0000000000000000e+00
   1.3600000000000000e+02   5.8000000000000000e+01   1.5700000000000000e+02   2.7071362327452690e-03   0.0000000000000000e+00
   1.3700000000000000e+02   5.9000000000000000e+01   7.6000000000000000e+01   3.1737421465089649e-03   0.0000000000000000e+00
   1.3800000000000000e+02   5.9000000000000000e+01   8.5000000000000000e+01   2.7248112194927965e-03   0.0000000000000000e+00
   1.3900000000000000e+02   5.9000000000000000e+01   1.4900000000000000e+02   2.8690165100654875e-03   0.0000000000000000e+00
   1.4000000000000000e+02   5.9000000000000000e+01   1.5700000000000000e+02   2.5964619167321889e-03   0.0000000000000000e+00
   1.4100000000000000e+02   6.0000000000000000e+01   7.6000000000000000e+01   2.9437258841907483e-03   0.0000000000000000e+00
   1.4200000000000000e+02   6.0000000000000000e+01   7.7000000000000000e+01   3.9527122410024955e-03   0.0000000000000000e+00
   1.4300000000000000e+02   6.0000000000000000e+01   1.4800000000000000e+02   3.1597702275121429e-03   0.0000000000000000e+00
   1.4400000000000000e+02   6.0000000000000000e+01   1.4900000000000000e+02   2.5923797383284567e-03   0.0000000000000000e+00
   1.4500000000000000e+02   6.1000000000000000e+01   7.7000000000000000e+01   3.1232773416618211e-03   0.0000000000000000e+00
   1.4600000000000000e+02   6.1000000000000000e+01   1.4800000000000000e+02   2.3987253275782145e-03   0.0000000000000000e+00
   1.4700000000000000e+02   6.2000000000000000e+01   7.7000000000000000e+01   4.1236267116437587e-03   0.0000000000000000e+00
   1.4800000000000000e+02   6.2000000000000000e+01   1.4800000000000000e+02   3.8265032490427783e-03   0.0000000000000000e+00
   1.4900000000000000e+02   6.3000000000000000e+01   7.7000000000000000e+01   2.7929164174830194e-03   0.0000000000000000e+00
   1.5000000000000000e+02   6.4000000000000000e+01   7.7000000000000000e+01   3.8328872128158159e-03   0.0000000000000000e+00
   1.5100000000000000e+02   6.4000000000000000e+01   7.8000000000000000e+01   2.8919382505171449e-03   0.0000000000000000e+00
   1.5200000000000000e+02   6.5000000000000000e+01   7.8000000000000000e+01   3.2204418761464983e-03   0.0000000000000000e+00
   1.5300000000000000e+02   6.5000000000000000e+01   8.8000000000000000e+01   2.8396055153177531e-03   0.0000000000000000e+00
   1.5400000000000000e+02   6.6000000000000000e+01   7.9000000000000000e+01   2.1899819741397586e-03   0.0000000000000000e+00
   1.5500000000000000e+02   6.6000000000000000e+01   8.8000000000000000e+01   2.9455794674315846e-03   0.0000000000000000e+00
   1.5600000000000000e+02   6.7000000000000000e+01   7.9000000000000000e+01   2.6977354884865795e-03   0.0000000000000000e+00
   1.5700000000000000e+02   6.7000000000000000e+01   8.9000000000000000e+01   2.7532462248526179e-03   0.0000000000000000e+00
   1.5800000000000000e+02   6.8000000000000000e+01   8.0000000000000000e+01   3.9952921555686067e-03   0.0000000000000000e+00
   1.5900000000000000e+02   6.8000000000000000e+01   8.9000000000000000e+01   3.5845016927881024e-03   0.0000000000000000e+00
   1.6000000000000000e+02   6.9000000000000000e+01   8.3000000000000000e+01   2.4348897624735196e-03   0.0000000000000000e+00
   1.6100000000000000e+02   6.9000000000000000e+01   8.4000000000000000e+01   2.3033208380811524e-03   0.0000000000000000e+00
   1.6200000000000000e+02   6.9000000000000000e+01   9.5000000000000000e+01   2.5039874954596191e-03   0.0000000000000000e+00
   1.6300000000000000e+02   7.0000000000000000e+01   7.1000000000000000e+01   2.8924924694738122e-03   0.0000000000000000e+00
   1.6400000000000000e+02   7.0000000000000000e+01   8.4000000000000000e+01   2.5699190941053563e-03   0.0000000000000000e+00
   1.6500000000000000e+02   7.0000000000000000e+01   9.3000000000000000e+01   3.0339367759199560e-03   0.0000000000000000e+00
   1.6600000000000000e+02   7.0000000000000000e+01   1.0000000000000000e+02   2.9139249102289955e-03   0.0000000000000000e+00
   1.6700000000000000e+02   7.1000000000000000e+01   7.2000000000000000e+01   2.8170243233073553e-03   0.0000000000000000e+00
   1.6800000000000000e+02   7.1000000000000000e+01   9.7000000000000000e+01   3.1450608524943072e-03   0.0000000000000000e+00
   1.6900000000000000e+02   7.1000000000000000e+01   1.0000000000000000e+02   3.1948058531169705e-03   0.0000000000000000e+00
   1.7000000000000000e+02   7.2000000000000000e+01   7.3000000000000000e+01   2.2673366717630215e-03   0.0000000000000000e+00
   1.7100000000000000e+02   7.2000000000000000e+01   8.6000000000000000e+01   2.4982384725496637e-03   0.0000000000000000e+00
   1.7200000000000000e+02   7.2000000000000000e+01   9.7000000000000000e+01   3.1272476300799948e-03   0.0000000000000000e+00
   1.7300000000000000e+02   7.3000000000000000e+01   8.6000000000000000e+01   2.2644039427221398e-03   0.0000000000000000e+00
   1.7400000000000000e+02   7.4000000000000000e+01   8.6000000000000000e+01   2.5071277540875936e-03   0.0000000000000000e+00
   1.7500000000000000e+02   7.4000000000000000e+01   8.7000000000000000e+01   2.5962448933108040e-03   0.0000000000000000e+00
   1.7600000000000000e+02   7.4000000000000000e+01   9.7000000000000000e+01   3.1766428607878641e-03   0.0000000000000000e+00
   1.7700000000000000e+02   7.4000000000000000e+01   1.0600000000000000e+02   2.8013052568040138e-03   0.0000000000000000e+00
   1.7800000000000000e+02   7.5000000000000000e+01   8.5000000000000000e+01   2.6448866989653898e-03   0.0000000000000000e+00
   1.7900000000000000e+02   7.5000000000000000e+01   8.7000000000000000e+01   2.5732839090291068e-03   0.0000000000000000e+00
   1.8000000000000000e+02   7.5000000000000000e+01   1.0200000000000000e+02   2.5570601105645769e-03   0.0000000000000000e+00
   1.8100000000000000e+02   7.5000000000000000e+01   1.0500000000000000e+02   2.4453177721395353e-03   0.0000000000000000e+00
   1.8200000000000000e+02   7.6000000000000000e+01   7.7000000000000000e+01   3.4503931534815265e-03   0.0000000000000000e+00
   1.8300000000000000e+02   7.6000000000000000e+01   8.5000000000000000e+01   2.7239213883483411e-03   0.0000000000000000e+00
   1.8400000000000000e+02   7.6000000000000000e+01   9.6000000000000000e+01   2.9314833087367696e-03   0.0000000000000000e+00
   1.8500000000000000e+02   7.6000000000000000e+01   9.8000000000000000e+01   3.3747521228642027e-03   0.0000000000000000e+00
   1.8600000000000000e+02   7.7000000000000000e+01   7.8000000000000000e+01   3.7582468356169392e-03   0.0000000000000000e+00
   1.8700000000000000e+02   7.7000000000000000e+01   9.6000000000000000e+01   3.1751169341298589e-03   0.0000000000000000e+00
   1.8800000000000000e+02   7.8000000000000000e+01   8.8000000000000000e+01   2.9636820478753131e-03   0.0000000000000000e+00
   1.8900000000000000e+02   7.8000000000000000e+01   9.6000000000000000e+01   2.8875795863781270e-03   0.0000000000000000e+00
   1.9000000000000000e+02   7.8000000000000000e+01   1.0700000000000000e+02   3.4189588606069535e-03   0.0000000000000000e+00
   1.9100000000000000e+02   7.9000000000000000e+01   8.8000000000000000e+01   2.5671376237549597e-03   0.0000000000000000e+00
   1.9200000000000000e+02   7.9000000000000000e+01   8.9000000000000000e+01   2.2582769466926891e-03   0.0000000000000000e+00
   1.9300000000000000e+02   7.9000000000000000e+01   1.0800000000000000e+02   2.4972678691525178e-03   0.0000000000000000e+00
   1.9400000000000000e+02   8.0000000000000000e+01   8.9000000000000000e+01   2.4479075140153572e-03   0.0000000000000000e+00
   1.9500000000000000e+02   8.0000000000000000e+01   9.0000000000000000e+01   2.9359142252224808e-03   0.0000000000000000e+00
   1.9600000000000000e+02   8.0000000000000000e+01   1.0400000000000000e+02   2.9911954743060613e-03   0.0000000000000000e+00
   1.9700000000000000e+02   8.1000000000000000e+01   9.0000000000000000e+01   2.8202588442682117e-03   0.0000000000000000e+00
   1.9800000000000000e+02   8.1000000000000000e+01   9.1000000000000000e+01   2.8149245811773384e-03   0.0000000000000000e+00
   1.9900000000000000e+02   8.1000000000000000e+01   9.4000000000000000e+01   2.8377751670814922e-03   0.0000000000000000e+00
   2.0000000000000000e+02   8.1000000000000000e+01   1.0100000000000000e+02   2.7131368554221039e-03   0.0000000000000000e+00
   2.0100000000000000e+02   8.2000000000000000e+01   9.1000000000000000e+01   2.8070394219161902e-03   0.0000000000000000e+00
   2.0200000000000000e+02   8.2000000000000000e+01   9.2000000000000000e+01   2.7786663331620764e-03   0.0000000000000000e+00
   2.0300000000000000e+02   8.2000000000000000e+01   9.9000000000000000e+01   3.0111671184144370e-03   0.0000000000000000e+00
   2.0400000000000000e+02   8.2000000000000000e+01   1.0300000000000000e+02   2.6335926613063792e-03   0.0000000000000000e+00
   2.0500000000000000e+02   8.3000000000000000e+01   9.2000000000000000e+01   2.8298814893487774e-03   0.0000000000000000e+00
   2.0600000000000000e+02   8.3000000000000000e+01   9.5000000000000000e+01   2.6439663322819166e-03   0.0000000000000000e+00
   2.0700000000000000e+02   8.4000000000000000e+01   9.3000000000000000e+01   2.8356342043818600e-03   0.0000000000000000e+00
   2.0800000000000000e+02   8.4000000000000000e+01   9.5000000000000000e+01   2.7610485773162542e-03   0.0000000000000000e+00
   2.0900000000000000e+02   8.5000000000000000e+01   9.8000000000000000e+01   3.3562900605332356e-03   0.0000000000000000e+00
   2.1000000000000000e+02   8.5000000000000000e+01   1.0500000000000000e+02   2.3974328633147891e-03   0.0000000000000000e+00
   2.1100000000000000e+02   8.6000000000000000e+01   9.7000000000000000e+01   3.1846146575548527e-03   0.0000000000000000e+00
   2.1200000000000000e+02   8.7000000000000000e+01   1.0200000000000000e+02   2.6237288778977927e-03   0.0000000000000000e+00
   2.1300000000000000e+02   8.7000000000000000e+01   1.0600000000000000e+02   2.7825698731250618e-03   0.0000000000000000e+00
   2.1400000000000000e+02   8.8000000000000000e+01   1.0700000000000000e+02   3.4147309245270434e-03   0.0000000000000000e+00
   2.1500000000000000e+02   8.8000000000000000e+01   1.0800000000000000e+02   2.7716698072411945e-03   0.0000000000000000e+00
   2.1600000000000000e+02   8.9000000000000000e+01   1.0400000000000000e+02   2.8488357757765230e-03   0.0000000000000000e+00
   2.1700000000000000e+02   8.9000000000000000e+01   1.0800000000000000e+02   3.0778383236857321e-03   0.0000000000000000e+00
   2.1800000000000000e+02   9.0000000000000000e+01   1.0100000000000000e+02   2.9375919299996431e-03   0.0000000000000000e+00
   2.1900000000000000e+02   9.0000000000000000e+01   1.0400000000000000e+02   2.6515511526141672e-03   0.0000000000000000e+00
   2.2000000000000000e+02   9.1000000000000000e+01   9.4000000000000000e+01   2.6280861656116606e-03   0.0000000000000000e+00
   2.2100000000000000e+02   9.1000000000000000e+01   1.0300000000000000e+02   2.9240554559969239e-03   0.0000000000000000e+00
   2.2200000000000000e+02   9.2000000000000000e+01   9.5000000000000000e+01   2.7900711185605801e-03   0.0000000000000000e+00
   2.2300000000000000e+02   9.2000000000000000e+01   9.9000000000000000e+01   2.7594794019901859e-03   0.0000000000000000e+00
   2.2400000000000000e+02   9.3000000000000000e+01   9.5000000000000000e+01   2.7146084053364470e-03   0.0000000000000000e+00
   2.2500000000000000e+02   9.3000000000000000e+01   9.9000000000000000e+01   3.0587301181952365e-03   0.0000000000000000e+00
   2.2600000000000000e+02   9.3000000000000000e+01   1.0000000000000000e+02   2.8976215083924878e-03   0.0000000000000000e+00
   2.2700000000000000e+02   9.3000000000000000e+01   1.1000000000000000e+02   3.2484131425418537e-03   0.0000000000000000e+00
   2.2800000000000000e+02   9.4000000000000000e+01   1.0100000000000000e+02   2.8138107605039570e-03   0.0000000000000000e+00
   2.2900000000000000e+02   9.4000000000000000e+01   1.0300000000000000e+02   2.8685164662340177e-03   0.0000000000000000e+00
   2.3000000000000000e+02   9.4000000000000000e+01   1.0900000000000000e+02   2.7418070157591160e-03   0.0000000000000000e+00
   2.3100000000000000e+02   9.4000000000000000e+01   1.1600000000000000e+02   2.6378608200946277e-03   0.0000000000000000e+00
   2.3200000000000000e+02   9.5000000000000000e+01   9.9000000000000000e+01   2.7833037411370779e-03   0.0000000000000000e+00
   2.3300000000000000e+02   9.6000000000000000e+01   9.8000000000000000e+01   2.9673269718901488e-03   0.0000000000000000e+00
   2.3400000000000000e+02   9.6000000000000000e+01   1.0700000000000000e+02   3.2064734655725680e-03   0.0000000000000000e+00
   2.3500000000000000e+02   9.7000000000000000e+01   1.0000000000000000e+02   3.3742604326736521e-03   0.0000000000000000e+00
   2.3600000000000000e+02   9.7000000000000000e+01   1.0600000000000000e+02   2.9644936034351468e-03   0.0000000000000000e+00
   2.3700000000000000e+02   9.7000000000000000e+01   1.1500000000000000e+02   3.5532892104211469e-03   0.0000000000000000e+00
   2.3800000000000000e+02   9.8000000000000000e+01   1.0500000000000000e+02   2.7498216004802536e-03   0.0000000000000000e+00
   2.3900000000000000e+02   9.8000000000000000e+01   1.0700000000000000e+02   3.8502668936240387e-03   0.0000000000000000e+00
   2.4000000000000000e+02   9.8000000000000000e+01   1.1200000000000000e+02   3.3671625705969602e-03   0.0000000000000000e+00
   2.4100000000000000e+02   9.8000000000000000e+01   1.1400000000000000e+02   3.1806491003892835e-03   0.0000000000000000e+00
   2.4200000000000000e+02   9.9000000000000000e+01   1.0300000000000000e+02   2.8244289375652749e-03   0.0000000000000000e+00
   2.4300000000000000e+02   9.9000000000000000e+01   1.1000000000000000e+02   3.1026160314863859e-03   0.0000000000000000e+00
   2.4400000000000000e+02   1.0000000000000000e+02   1.1000000000000000e+02   3.6956345956699384e-03   0.0000000000000000e+00
   2.4500000000000000e+02   1.0000000000000000e+02   1.1500000000000000e+02   2.8139346529891928e-03   0.0000000000000000e+00
   2.4600000000000000e+02   1.0100000000000000e+02   1.0400000000000000e+02   2.8428748197377790e-03   0.0000000000000000e+00
   2.4700000000000000e+02   1.0100000000000000e+02   1.0900000000000000e+02   2.9896069359073253e-03   0.0000000000000000e+00
   2.4800000000000000e+02   1.0100000000000000e+02   1.1300000000000000e+02   2.8357358681437954e-03   0.0000000000000000e+00
   2.4900000000000000e+02   1.0200000000000000e+02   1.0500000000000000e+02   2.3245663593017998e-03   0.0000000000000000e+00
   2.5000000000000000e+02   1.0200000000000000e+02   1.0600000000000000e+02   2.6348893712044414e-03   0.0000000000000000e+00
   2.5100000000000000e+02   1.0200000000000000e+02   1.1100000000000000e+02   2.3450304732371362e-03   0.0000000000000000e+00
   2.5200000000000000e+02   1.0200000000000000e+02   1.1400000000000000e+02   2.8181880545845943e-03   0.0000000000000000e+00
   2.5300000000000000e+02   1.0300000000000000e+02   1.1000000000000000e+02   3.4022634707162758e-03   0.0000000000000000e+00
   2.5400000000000000e+02   1.0300000000000000e+02   1.1600000000000000e+02   2.4311441471410681e-03   0.0000000000000000e+00
   2.5500000000000000e+02   1.0400000000000000e+02   1.0800000000000000e+02   2.6619745023515203e-03   0.0000000000000000e+00
   2.5600000000000000e+02   1.0400000000000000e+02   1.1300000000000000e+02   3.1084771587491641e-03   0.0000000000000000e+00
   2.5700000000000000e+02   1.0500000000000000e+02   1.1400000000000000e+02   2.4359776311449100e-03   0.0000000000000000e+00
   2.5800000000000000e+02   1.0600000000000000e+02   1.1100000000000000e+02   2.6019928923526189e-03   0.0000000000000000e+00
   2.5900000000000000e+02   1.0600000000000000e+02   1.1500000000000000e+02   2.9570889049972977e-03   0.0000000000000000e+00
   2.6000000000000000e+02   1.0700000000000000e+02   1.0800000000000000e+02   3.4220961362694466e-03   0.0000000000000000e+00
   2.6100000000000000e+02   1.0700000000000000e+02   1.1200000000000000e+02   3.4974806438717232e-03   0.0000000000000000e+00
   2.6200000000000000e+02   1.0700000000000000e+02   1.1300000000000000e+02   3.2974518736094719e-03   0.0000000000000000e+00
   2.6300000000000000e+02   1.0800000000000000e+02   1.1300000000000000e+02   2.8726914998581086e-03   0.0000000000000000e+00
   2.6400000000000000e+02   1.0900000000000000e+02   1.1200000000000000e+02   2.8999808479597895e-03   0.0000000000000000e+00
   2.6500000000000000e+02   1.0900000000000000e+02   1.1300000000000000e+02   2.9717007605069437e-03   0.0000000000000000e+00
   2.6600000000000000e+02   1.0900000000000000e+02   1.1600000000000000e+02   2.6657899101908888e-03   0.0000000000000000e+00
   2.6700000000000000e+02   1.0900000000000000e+02   1.1700000000000000e+02   3.3511660462558946e-03   0.0000000000000000e+00
   2.6800000000000000e+02   1.1000000000000000e+02   1.1500000000000000e+02   3.1871348362281435e-03   0.0000000000000000e+00
   2.6900000000000000e+02   1.1000000000000000e+02   1.1600000000000000e+02   3.0711510192166676e-03   0.0000000000000000e+00
   2.7000000000000000e+02   1.1000000000000000e+02   1.1700000000000000e+02   3.5185164546593941e-03   0.0000000000000000e+00
   2.7100000000000000e+02   1.1100000000000000e+02   1.1400000000000000e+02   2.5537335908402594e-03   0.0000000000000000e+00
   2.7200000000000000e+02   1.1100000000000000e+02   1.1500000000000000e+02   2.5001860218183685e-03   0.0000000000000000e+00
   2.7300000000000000e+02   1.1100000000000000e+02   1.1700000000000000e+02   2.7364207123822411e-03   0.0000000000000000e+00
   2.7400000000000000e+02   1.1200000000000000e+02   1.1300000000000000e+02   3.1767761391272597e-03   0.0000000000000000e+00
   2.7500000000000000e+02   1.1200000000000000e+02   1.1400000000000000e+02   2.9357198026458411e-03   0.0000000000000000e+00
   2.7600000000000000e+02   1.1200000000000000e+02   1.1700000000000000e+02   3.6014572745233951e-03   0.0000000000000000e+00
   2.7700000000000000e+02   1.1400000000000000e+02   1.1700000000000000e+02   2.9966829065417766e-03   0.0000000000000000e+00
   2.7800000000000000e+02   1.1500000000000000e+02   1.1700000000000000e+02   3.5779484728428014e-03   0.0000000000000000e+00
   2.7900000000000000e+02   1.1600000000000000e+02   1.1700000000000000e+02   2.6531489495827433e-03   0.0000000000000000e+00
   2.8000000000000000e+02   1.1800000000000000e+02   1.5200000000000000e+02   2.9908039857656507e-03   0.0000000000000000e+00
   2.8100000000000000e+02   1.1900000000000000e+02   1.3800000000000000e+02   2.1780644269181319e-03   0.0000000000000000e+00
   2.8200000000000000e+02   1.1900000000000000e+02   1.5200000000000000e+02   3.1580713988267907e-03   0.0000000000000000e+00
   2.8300000000000000e+02   1.2000000000000000e+02   1.3800000000000000e+02   2.3339532157849239e-03   0.0000000000000000e+00
   2.8400000000000000e+02   1.2000000000000000e+02   1.5300000000000000e+02   2.4907653286806056e-03   0.0000000000000000e+00
   2.8500000000000000e+02   1.2100000000000000e+02   1.3900000000000000e+02   2.3863364394007582e-03   0.0000000000000000e+00
   2.8600000000000000e+02   1.2100000000000000e+02   1.5300000000000000e+02   2.7445111152706756e-03   0.0000000000000000e+00
   2.8700000000000000e+02   1.2200000000000000e+02   1.3900000000000000e+02   2.4588342051818902e-03   0.0000000000000000e+00
   2.8800000000000000e+02   1.2200000000000000e+02   1.5400000000000000e+02   2.2037559571593058e-03   0.0000000000000000e+00
   2.8900000000000000e+02   1.2300000000000000e+02   1.4000000000000000e+02   2.4410902680791959e-03   0.0000000000000000e+00
   2.9000000000000000e+02   1.2300000000000000e+02   1.5400000000000000e+02   2.1245653257167142e-03   0.0000000000000000e+00
   2.9100000000000000e+02   1.2400000000000000e+02   1.4000000000000000e+02   2.5533220982853666e-03   0.0000000000000000e+00
   2.9200000000000000e+02   1.2400000000000000e+02   1.4100000000000000e+02   2.4961440326738459e-03   0.0000000000000000e+00
   2.9300000000000000e+02   1.2500000000000000e+02   1.4100000000000000e+02   3.1263939730993913e-03   0.0000000000000000e+00
   2.9400000000000000e+02   1.2600000000000000e+02   1.4100000000000000e+02   2.5207177946983284e-03   0.0000000000000000e+00
   2.9500000000000000e+02   1.2600000000000000e+02   1.5500000000000000e+02   2.9504256252299954e-03   0.0000000000000000e+00
   2.9600000000000000e+02   1.2600000000000000e+02   1.8200000000000000e+02   3.6542986650211530e-03   0.0000000000000000e+00
   2.9700000000000000e+02   1.2600000000000000e+02   2.0100000000000000e+02   3.2410786501564982e-03   0.0000000000000000e+00
   2.9800000000000000e+02   1.2700000000000000e+02   1.4200000000000000e+02   2.9016666853453961e-03   0.0000000000000000e+00
   2.9900000000000000e+02   1.2700000000000000e+02   1.5500000000000000e+02   2.5058156172700196e-03   0.0000000000000000e+00
   3.0000000000000000e+02   1.2700000000000000e+02   2.0100000000000000e+02   3.7065524245959375e-03   0.0000000000000000e+00
   3.0100000000000000e+02   1.2700000000000000e+02   2.1800000000000000e+02   3.5414648698272265e-03   0.0000000000000000e+00
   3.0200000000000000e+02   1.2800000000000000e+02   1.4200000000000000e+02   2.6157329801238783e-03   0.0000000000000000e+00
   3.0300000000000000e+02   1.2800000000000000e+02   1.5600000000000000e+02   3.0083031104911110e-03   0.0000000000000000e+00
   3.0400000000000000e+02   1.2800000000000000e+02   2.1100000000000000e+02   3.1319640888698513e-03   0.0000000000000000e+00
   3.0500000000000000e+02   1.2800000000000000e+02   2.1800000000000000e+02   3.8362935735291375e-03   0.0000000000000000e+00
   3.0600000000000000e+02   1.2900000000000000e+02   1.4300000000000000e+02   3.4260872422284040e-03   0.0000000000000000e+00
   3.0700000000000000e+02   1.2900000000000000e+02   1.5600000000000000e+02   2.7395465245258627e-03   0.0000000000000000e+00
   3.0800000000000000e+02   1.2900000000000000e+02   2.1100000000000000e+02   3.1200053519366971e-03   0.0000000000000000e+00
   3.0900000000000000e+02   1.2900000000000000e+02   2.1700000000000000e+02   3.4478926973227795e-03   0.0000000000000000e+00
   3.1000000000000000e+02   1.3000000000000000e+02   1.4300000000000000e+02   3.0060015360559582e-03   0.0000000000000000e+00
   3.1100000000000000e+02   1.3000000000000000e+02   1.4400000000000000e+02   4.4207248524414247e-03   0.0000000000000000e+00
   3.1200000000000000e+02   1.3000000000000000e+02   2.1000000000000000e+02   3.8367597573460057e-03   0.0000000000000000e+00
   3.1300000000000000e+02   1.3000000000000000e+02   2.1700000000000000e+02   3.2970678584090846e-03   0.0000000000000000e+00
   3.1400000000000000e+02   1.3100000000000000e+02   1.4400000000000000e+02   3.4330719449395565e-03   0.0000000000000000e+00
   3.1500000000000000e+02   1.3100000000000000e+02   2.0000000000000000e+02   3.6993146960930274e-03   0.0000000000000000e+00
   3.1600000000000000e+02   1.3100000000000000e+02   2.1000000000000000e+02   3.3021275538014545e-03   0.0000000000000000e+00
   3.1700000000000000e+02   1.3200000000000000e+02   1.4400000000000000e+02   4.4381728559689231e-03   0.0000000000000000e+00
   3.1800000000000000e+02   1.3300000000000000e+02   1.4400000000000000e+02   3.1548045362543671e-03   0.0000000000000000e+00
   3.1900000000000000e+02   1.3400000000000000e+02   1.4400000000000000e+02   4.4734188933325579e-03   0.0000000000000000e+00
   3.2000000000000000e+02   1.3400000000000000e+02   1.4500000000000000e+02   2.9876464624746580e-03   0.0000000000000000e+00
   3.2100000000000000e+02   1.3500000000000000e+02   1.4500000000000000e+02   3.1736575767517660e-03   0.0000000000000000e+00
   3.2200000000000000e+02   1.3500000000000000e+02   1.4600000000000000e+02   2.8183530268753080e-03   0.0000000000000000e+00
   3.2300000000000000e+02   1.3600000000000000e+02   1.4600000000000000e+02   3.1707541969983213e-03   0.0000000000000000e+00
   3.2400000000000000e+02   1.3600000000000000e+02   1.4700000000000000e+02   2.2945586583580620e-03   0.0000000000000000e+00
   3.2500000000000000e+02   1.3700000000000000e+02   1.4700000000000000e+02   2.9965146387900721e-03   0.0000000000000000e+00
   3.2600000000000000e+02   1.3700000000000000e+02   1.4800000000000000e+02   3.1933151524767300e-03   0.0000000000000000e+00
   3.2700000000000000e+02   1.3800000000000000e+02   1.5200000000000000e+02   2.5041771393003410e-03   0.0000000000000000e+00
   3.2800000000000000e+02   1.3800000000000000e+02   1.5300000000000000e+02   2.1164085011567200e-03   0.0000000000000000e+00
   3.2900000000000000e+02   1.3800000000000000e+02   1.6400000000000000e+02   2.3733913011221917e-03   0.0000000000000000e+00
   3.3000000000000000e+02   1.3900000000000000e+02   1.5300000000000000e+02   2.1579988568394123e-03   0.0000000000000000e+00
   3.3100000000000000e+02   1.3900000000000000e+02   1.5400000000000000e+02   2.1870913396952575e-03   0.0000000000000000e+00
   3.3200000000000000e+02   1.3900000000000000e+02   1.6500000000000000e+02   3.0514107688913209e-03   0.0000000000000000e+00
   3.3300000000000000e+02   1.3900000000000000e+02   1.7000000000000000e+02   2.1042721877146515e-03   0.0000000000000000e+00
   3.3400000000000000e+02   1.4000000000000000e+02   1.4100000000000000e+02   2.4774892476741315e-03   0.0000000000000000e+00
   3.3500000000000000e+02   1.4000000000000000e+02   1.5400000000000000e+02   2.3609204222364891e-03   0.0000000000000000e+00
   3.3600000000000000e+02   1.4000000000000000e+02   1.6300000000000000e+02   2.4653662919717138e-03   0.0000000000000000e+00
   3.3700000000000000e+02   1.4000000000000000e+02   1.6700000000000000e+02   2.1941200539381698e-03   0.0000000000000000e+00
   3.3800000000000000e+02   1.4100000000000000e+02   1.5500000000000000e+02   2.6225927966296923e-03   0.0000000000000000e+00
   3.3900000000000000e+02   1.4100000000000000e+02   1.6300000000000000e+02   2.7803595630686057e-03   0.0000000000000000e+00
   3.4000000000000000e+02   1.4200000000000000e+02   1.5500000000000000e+02   2.6479384308640166e-03   0.0000000000000000e+00
   3.4100000000000000e+02   1.4200000000000000e+02   1.5600000000000000e+02   2.7962767346495698e-03   0.0000000000000000e+00
   3.4200000000000000e+02   1.4200000000000000e+02   1.6100000000000000e+02   2.7602062368500264e-03   0.0000000000000000e+00
   3.4300000000000000e+02   1.4200000000000000e+02   1.6900000000000000e+02   2.6483381609887467e-03   0.0000000000000000e+00
   3.4400000000000000e+02   1.4300000000000000e+02   1.4400000000000000e+02   3.7455942858093698e-03   0.0000000000000000e+00
   3.4500000000000000e+02   1.4300000000000000e+02   1.5600000000000000e+02   3.0276660689154836e-03   0.0000000000000000e+00
   3.4600000000000000e+02   1.4300000000000000e+02   1.5900000000000000e+02   2.8207264799193017e-03   0.0000000000000000e+00
   3.4700000000000000e+02   1.4300000000000000e+02   1.6000000000000000e+02   3.5956657523864241e-03   0.0000000000000000e+00
   3.4800000000000000e+02   1.4400000000000000e+02   1.4500000000000000e+02   4.3601055964499350e-03   0.0000000000000000e+00
   3.4900000000000000e+02   1.4400000000000000e+02   1.6000000000000000e+02   3.7084385290127716e-03   0.0000000000000000e+00
   3.5000000000000000e+02   1.4500000000000000e+02   1.4600000000000000e+02   3.3635320075650977e-03   0.0000000000000000e+00
   3.5100000000000000e+02   1.4500000000000000e+02   1.6000000000000000e+02   3.3353837881890578e-03   0.0000000000000000e+00
   3.5200000000000000e+02   1.4500000000000000e+02   1.7100000000000000e+02   3.0805389637528014e-03   0.0000000000000000e+00
   3.5300000000000000e+02   1.4600000000000000e+02   1.4700000000000000e+02   2.8277027239164052e-03   0.0000000000000000e+00
   3.5400000000000000e+02   1.4600000000000000e+02   1.6600000000000000e+02   3.0638621676458630e-03   0.0000000000000000e+00
   3.5500000000000000e+02   1.4600000000000000e+02   1.7100000000000000e+02   3.1148280805180732e-03   0.0000000000000000e+00
   3.5600000000000000e+02   1.4700000000000000e+02   1.4800000000000000e+02   2.5219300018687130e-03   0.0000000000000000e+00
   3.5700000000000000e+02   1.4700000000000000e+02   1.6600000000000000e+02   2.8212001850207351e-03   0.0000000000000000e+00
   3.5800000000000000e+02   1.4800000000000000e+02   1.4900000000000000e+02   3.0923078294273726e-03   0.0000000000000000e+00
   3.5900000000000000e+02   1.4800000000000000e+02   1.6600000000000000e+02   3.6247449404353369e-03   0.0000000000000000e+00
   3.6000000000000000e+02   1.4900000000000000e+02   1.5700000000000000e+02   2.7425687378150490e-03   0.0000000000000000e+00
   3.6100000000000000e+02   1.4900000000000000e+02   1.6600000000000000e+02   3.1188303405332149e-03   0.0000000000000000e+00
   3.6200000000000000e+02   1.4900000000000000e+02   1.7200000000000000e+02   2.4608294556521608e-03   0.0000000000000000e+00
   3.6300000000000000e+02   1.5000000000000000e+02   1.5700000000000000e+02   2.6121039471396009e-03   0.0000000000000000e+00
   3.6400000000000000e+02   1.5000000000000000e+02   1.5800000000000000e+02   2.6531476017662421e-03   0.0000000000000000e+00
   3.6500000000000000e+02   1.5000000000000000e+02   1.6200000000000000e+02   2.9229283250257949e-03   0.0000000000000000e+00
   3.6600000000000000e+02   1.5000000000000000e+02   1.6800000000000000e+02   2.7727206838337446e-03   0.0000000000000000e+00
   3.6700000000000000e+02   1.5100000000000000e+02   1.5200000000000000e+02   3.0383289750694920e-03   0.0000000000000000e+00
   3.6800000000000000e+02   1.5100000000000000e+02   1.5800000000000000e+02   2.7238586273837491e-03   0.0000000000000000e+00
   3.6900000000000000e+02   1.5100000000000000e+02   1.6400000000000000e+02   2.8336158153176678e-03   0.0000000000000000e+00
   3.7000000000000000e+02   1.5100000000000000e+02   1.7300000000000000e+02   3.0348333498975279e-03   0.0000000000000000e+00
   3.7100000000000000e+02   1.5200000000000000e+02   1.6400000000000000e+02   2.9697971750457055e-03   0.0000000000000000e+00
   3.7200000000000000e+02   1.5300000000000000e+02   1.6400000000000000e+02   2.7045937895690372e-03   0.0000000000000000e+00
   3.7300000000000000e+02   1.5300000000000000e+02   1.6500000000000000e+02   2.9347378468248852e-03   0.0000000000000000e+00
   3.7400000000000000e+02   1.5400000000000000e+02   1.6700000000000000e+02   2.0275101496002716e-03   0.0000000000000000e+00
   3.7500000000000000e+02   1.5400000000000000e+02   1.7000000000000000e+02   2.1926991981582327e-03   0.0000000000000000e+00
   3.7600000000000000e+02   1.5500000000000000e+02   1.6300000000000000e+02   2.4164948068736247e-03   0.0000000000000000e+00
   3.7700000000000000e+02   1.5500000000000000e+02   1.6900000000000000e+02   2.8837537809204557e-03   0.0000000000000000e+00
   3.7800000000000000e+02   1.5600000000000000e+02   1.5900000000000000e+02   3.0497761526665033e-03   0.0000000000000000e+00
   3.7900000000000000e+02   1.5600000000000000e+02   1.6100000000000000e+02   2.6121309426579910e-03   0.0000000000000000e+00
   3.8000000000000000e+02   1.5700000000000000e+02   1.6800000000000000e+02   2.7189414061040574e-03   0.0000000000000000e+00
   3.8100000000000000e+02   1.5700000000000000e+02   1.7200000000000000e+02   2.4586874639543222e-03   0.0000000000000000e+00
   3.8200000000000000e+02   1.5800000000000000e+02   1.6200000000000000e+02   2.9554523033539616e-03   0.0000000000000000e+00
   3.8300000000000000e+02   1.5800000000000000e+02   1.7300000000000000e+02   3.0047635296642982e-03   0.0000000000000000e+00
   3.8400000000000000e+02   1.5900000000000000e+02   1.6000000000000000e+02   3.0302806056031299e-03   0.0000000000000000e+00
   3.8500000000000000e+02   1.5900000000000000e+02   1.6100000000000000e+02   2.8249838739116588e-03   0.0000000000000000e+00
   3.8600000000000000e+02   1.5900000000000000e+02   1.7500000000000000e+02   2.3580652913806331e-03   0.0000000000000000e+00
   3.8700000000000000e+02   1.5900000000000000e+02   1.7600000000000000e+02   3.3924732497019900e-03   0.0000000000000000e+00
   3.8800000000000000e+02   1.6000000000000000e+02   1.7100000000000000e+02   3.5582105999128586e-03   0.0000000000000000e+00
   3.8900000000000000e+02   1.6000000000000000e+02   1.7600000000000000e+02   3.3537029605770442e-03   0.0000000000000000e+00
   3.9000000000000000e+02   1.6100000000000000e+02   1.6900000000000000e+02   2.5555342535098684e-03   0.0000000000000000e+00
   3.9100000000000000e+02   1.6100000000000000e+02   1.7500000000000000e+02   2.3944335558168809e-03   0.0000000000000000e+00
   3.9200000000000000e+02   1.6100000000000000e+02   1.8000000000000000e+02   2.7297862506541243e-03   0.0000000000000000e+00
   3.9300000000000000e+02   1.6200000000000000e+02   1.6800000000000000e+02   2.7218226485451959e-03   0.0000000000000000e+00
   3.9400000000000000e+02   1.6200000000000000e+02   1.7300000000000000e+02   2.8071681561820899e-03   0.0000000000000000e+00
   3.9500000000000000e+02   1.6200000000000000e+02   1.7700000000000000e+02   2.9025699385262470e-03   0.0000000000000000e+00
   3.9600000000000000e+02   1.6200000000000000e+02   1.7800000000000000e+02   3.3045328933145428e-03   0.0000000000000000e+00
   3.9700000000000000e+02   1.6300000000000000e+02   1.6700000000000000e+02   2.0690660571480849e-03   0.0000000000000000e+00
   3.9800000000000000e+02   1.6300000000000000e+02   1.6900000000000000e+02   2.4103019133076002e-03   0.0000000000000000e+00
   3.9900000000000000e+02   1.6300000000000000e+02   1.7900000000000000e+02   3.1612307487188011e-03   0.0000000000000000e+00
   4.0000000000000000e+02   1.6400000000000000e+02   1.6500000000000000e+02   2.9909684529950743e-03   0.0000000000000000e+00
   4.0100000000000000e+02   1.6400000000000000e+02   1.7300000000000000e+02   2.7420431392415848e-03   0.0000000000000000e+00
   4.0200000000000000e+02   1.6500000000000000e+02   1.7000000000000000e+02   2.4740699250774870e-03   0.0000000000000000e+00
   4.0300000000000000e+02   1.6500000000000000e+02   1.7300000000000000e+02   3.1270305578917751e-03   0.0000000000000000e+00
   4.0400000000000000e+02   1.6500000000000000e+02   1.7800000000000000e+02   3.2929298451767719e-03   0.0000000000000000e+00
   4.0500000000000000e+02   1.6500000000000000e+02   1.7900000000000000e+02   3.4611736205055793e-03   0.0000000000000000e+00
   4.0600000000000000e+02   1.6600000000000000e+02   1.7100000000000000e+02   3.6058859838596908e-03   0.0000000000000000e+00
   4.0700000000000000e+02   1.6600000000000000e+02   1.7200000000000000e+02   2.6386143490966722e-03   0.0000000000000000e+00
   4.0800000000000000e+02   1.6600000000000000e+02   1.7400000000000000e+02   3.2763011740325012e-03   0.0000000000000000e+00
   4.0900000000000000e+02   1.6700000000000000e+02   1.7000000000000000e+02   1.9384002151756983e-03   0.0000000000000000e+00
   4.1000000000000000e+02   1.6700000000000000e+02   1.7900000000000000e+02   2.4389565528623830e-03   0.0000000000000000e+00
   4.1100000000000000e+02   1.6800000000000000e+02   1.7200000000000000e+02   2.4272375805578718e-03   0.0000000000000000e+00
   4.1200000000000000e+02   1.6800000000000000e+02   1.7400000000000000e+02   2.9130926311274215e-03   0.0000000000000000e+00
   4.1300000000000000e+02   1.6800000000000000e+02   1.7700000000000000e+02   2.7037760802686292e-03   0.0000000000000000e+00
   4.1400000000000000e+02   1.6900000000000000e+02   1.7900000000000000e+02   2.9793774114789972e-03   0.0000000000000000e+00
   4.1500000000000000e+02   1.6900000000000000e+02   1.8000000000000000e+02   2.7374750333675180e-03   0.0000000000000000e+00
   4.1600000000000000e+02   1.7000000000000000e+02   1.7900000000000000e+02   2.4141534530136228e-03   0.0000000000000000e+00
   4.1700000000000000e+02   1.7100000000000000e+02   1.7400000000000000e+02   2.9318764875595664e-03   0.0000000000000000e+00
   4.1800000000000000e+02   1.7100000000000000e+02   1.7600000000000000e+02   3.2295564628185029e-03   0.0000000000000000e+00
   4.1900000000000000e+02   1.7200000000000000e+02   1.7400000000000000e+02   2.5671389193965841e-03   0.0000000000000000e+00
   4.2000000000000000e+02   1.7300000000000000e+02   1.7800000000000000e+02   3.3184386207468675e-03   0.0000000000000000e+00
   4.2100000000000000e+02   1.7400000000000000e+02   1.7600000000000000e+02   3.2170233961558636e-03   0.0000000000000000e+00
   4.2200000000000000e+02   1.7400000000000000e+02   1.7700000000000000e+02   2.8534344941462311e-03   0.0000000000000000e+00
   4.2300000000000000e+02   1.7500000000000000e+02   1.7600000000000000e+02   2.7236157985283242e-03   0.0000000000000000e+00
   4.2400000000000000e+02   1.7500000000000000e+02   1.8000000000000000e+02   2.3609514789516765e-03   0.0000000000000000e+00
   4.2500000000000000e+02   1.7500000000000000e+02   1.8100000000000000e+02   2.1661994224753201e-03   0.0000000000000000e+00
   4.2600000000000000e+02   1.7600000000000000e+02   1.7700000000000000e+02   3.3230700882870556e-03   0.0000000000000000e+00
   4.2700000000000000e+02   1.7600000000000000e+02   1.8100000000000000e+02   2.7904804275481394e-03   0.0000000000000000e+00
   4.2800000000000000e+02   1.7700000000000000e+02   1.7800000000000000e+02   3.2293767903580710e-03   0.0000000000000000e+00
   4.2900000000000000e+02   1.7700000000000000e+02   1.8100000000000000e+02   2.4144089332130652e-03   0.0000000000000000e+00
   4.3000000000000000e+02   1.7800000000000000e+02   1.7900000000000000e+02   3.4142386639744453e-03   0.0000000000000000e+00
   4.3100000000000000e+02   1.7800000000000000e+02   1.8000000000000000e+02   3.2550637337729134e-03   0.0000000000000000e+00
   4.3200000000000000e+02   1.7800000000000000e+02   1.8100000000000000e+02   2.7525881747573811e-03   0.0000000000000000e+00
   4.3300000000000000e+02   1.7900000000000000e+02   1.8000000000000000e+02   2.5439322585767972e-03   0.0000000000000000e+00
   4.3400000000000000e+02   1.8000000000000000e+02   1.8100000000000000e+02   2.4401692177193519e-03   0.0000000000000000e+00
   4.3500000000000000e+02   1.8200000000000000e+02   2.0100000000000000e+02   2.8609126963175429e-03   0.0000000000000000e+00
   4.3600000000000000e+02   1.8300000000000000e+02   2.0100000000000000e+02   3.6051508360108514e-03   0.0000000000000000e+00
   4.3700000000000000e+02   1.8300000000000000e+02   2.0200000000000000e+02   2.6775414922654128e-03   0.0000000000000000e+00
   4.3800000000000000e+02   1.8400000000000000e+02   2.0200000000000000e+02   3.4369542313895771e-03   0.0000000000000000e+00
   4.3900000000000000e+02   1.8400000000000000e+02   2.1200000000000000e+02   2.7543677227305258e-03   0.0000000000000000e+00
   4.4000000000000000e+02   1.8500000000000000e+02   2.0300000000000000e+02   2.6402404553132431e-03   0.0000000000000000e+00
   4.4100000000000000e+02   1.8500000000000000e+02   2.1200000000000000e+02   3.0451950907925277e-03   0.0000000000000000e+00
   4.4200000000000000e+02   1.8600000000000000e+02   2.0300000000000000e+02   2.9235460564274278e-03   0.0000000000000000e+00
   4.4300000000000000e+02   1.8600000000000000e+02   2.1300000000000000e+02   2.4580255945361442e-03   0.0000000000000000e+00
   4.4400000000000000e+02   1.8700000000000000e+02   2.0400000000000000e+02   2.4862682438450720e-03   0.0000000000000000e+00
   4.4500000000000000e+02   1.8700000000000000e+02   2.1300000000000000e+02   2.8152274685406520e-03   0.0000000000000000e+00
   4.4600000000000000e+02   1.8800000000000000e+02   2.0400000000000000e+02   2.8081934813438095e-03   0.0000000000000000e+00
   4.4700000000000000e+02   1.8900000000000000e+02   2.0400000000000000e+02   2.5181219479353703e-03   0.0000000000000000e+00
   4.4800000000000000e+02   1.8900000000000000e+02   2.1400000000000000e+02   2.9424386774514490e-03   0.0000000000000000e+00
   4.4900000000000000e+02   1.8900000000000000e+02   2.3000000000000000e+02   2.8440421827341214e-03   0.0000000000000000e+00
   4.5000000000000000e+02   1.8900000000000000e+02   2.3900000000000000e+02   2.9263422552711690e-03   0.0000000000000000e+00
   4.5100000000000000e+02   1.9000000000000000e+02   2.0500000000000000e+02   3.1724458311070168e-03   0.0000000000000000e+00
   4.5200000000000000e+02   1.9000000000000000e+02   2.1400000000000000e+02   2.5404388252281522e-03   0.0000000000000000e+00
   4.5300000000000000e+02   1.9000000000000000e+02   2.3900000000000000e+02   2.6518920848946008e-03   0.0000000000000000e+00
   4.5400000000000000e+02   1.9000000000000000e+02   2.4400000000000000e+02   2.9042632685377374e-03   0.0000000000000000e+00
   4.5500000000000000e+02   1.9100000000000000e+02   2.0500000000000000e+02   2.6685799839634089e-03   0.0000000000000000e+00
   4.5600000000000000e+02   1.9100000000000000e+02   2.0600000000000000e+02   3.2205756658766041e-03   0.0000000000000000e+00
   4.5700000000000000e+02   1.9100000000000000e+02   2.4200000000000000e+02   2.8245621800227741e-03   0.0000000000000000e+00
   4.5800000000000000e+02   1.9100000000000000e+02   2.4400000000000000e+02   2.5161752060506720e-03   0.0000000000000000e+00
   4.5900000000000000e+02   1.9200000000000000e+02   2.0600000000000000e+02   2.2483476767898641e-03   0.0000000000000000e+00
   4.6000000000000000e+02   1.9200000000000000e+02   2.3800000000000000e+02   2.7824695076905416e-03   0.0000000000000000e+00
   4.6100000000000000e+02   1.9200000000000000e+02   2.4200000000000000e+02   2.2854040147208604e-03   0.0000000000000000e+00
   4.6200000000000000e+02   1.9300000000000000e+02   2.0600000000000000e+02   3.3775123023280511e-03   0.0000000000000000e+00
   4.6300000000000000e+02   1.9400000000000000e+02   2.0600000000000000e+02   2.8554944711285161e-03   0.0000000000000000e+00
   4.6400000000000000e+02   1.9400000000000000e+02   2.0700000000000000e+02   2.7667346741551630e-03   0.0000000000000000e+00
   4.6500000000000000e+02   1.9500000000000000e+02   2.0700000000000000e+02   1.9884808470406390e-03   0.0000000000000000e+00
   4.6600000000000000e+02   1.9600000000000000e+02   2.0700000000000000e+02   2.6381885951832036e-03   0.0000000000000000e+00
   4.6700000000000000e+02   1.9600000000000000e+02   2.0800000000000000e+02   2.4231742484867201e-03   0.0000000000000000e+00
   4.6800000000000000e+02   1.9700000000000000e+02   2.0800000000000000e+02   2.9202676649938363e-03   0.0000000000000000e+00
   4.6900000000000000e+02   1.9700000000000000e+02   2.1600000000000000e+02   2.8587120191236695e-03   0.0000000000000000e+00
   4.7000000000000000e+02   1.9800000000000000e+02   2.0900000000000000e+02   2.5591586699176098e-03   0.0000000000000000e+00
   4.7100000000000000e+02   1.9800000000000000e+02   2.1600000000000000e+02   2.9503227206578090e-03   0.0000000000000000e+00
   4.7200000000000000e+02   1.9900000000000000e+02   2.0900000000000000e+02   2.7572570693966650e-03   0.0000000000000000e+00
   4.7300000000000000e+02   1.9900000000000000e+02   2.1000000000000000e+02   3.4864219355766161e-03   0.0000000000000000e+00
   4.7400000000000000e+02   2.0000000000000000e+02   2.1000000000000000e+02   3.5352280500774115e-03   0.0000000000000000e+00
   4.7500000000000000e+02   2.0100000000000000e+02   2.0200000000000000e+02   3.1772543249247586e-03   0.0000000000000000e+00
   4.7600000000000000e+02   2.0100000000000000e+02   2.1800000000000000e+02   2.9992837300203564e-03   0.0000000000000000e+00
   4.7700000000000000e+02   2.0200000000000000e+02   2.1200000000000000e+02   2.9623608989056884e-03   0.0000000000000000e+00
   4.7800000000000000e+02   2.0200000000000000e+02   2.1800000000000000e+02   3.7479820785699430e-03   0.0000000000000000e+00
   4.7900000000000000e+02   2.0200000000000000e+02   2.2200000000000000e+02   2.5540108126240317e-03   0.0000000000000000e+00
   4.8000000000000000e+02   2.0300000000000000e+02   2.1200000000000000e+02   2.7334855558613209e-03   0.0000000000000000e+00
   4.8100000000000000e+02   2.0300000000000000e+02   2.1300000000000000e+02   2.5735308780736699e-03   0.0000000000000000e+00
   4.8200000000000000e+02   2.0300000000000000e+02   2.1900000000000000e+02   2.7447407010751318e-03   0.0000000000000000e+00
   4.8300000000000000e+02   2.0300000000000000e+02   2.2600000000000000e+02   2.9123241608348077e-03   0.0000000000000000e+00
   4.8400000000000000e+02   2.0400000000000000e+02   2.1300000000000000e+02   2.5657895499149705e-03   0.0000000000000000e+00
   4.8500000000000000e+02   2.0400000000000000e+02   2.1400000000000000e+02   2.5529295481364128e-03   0.0000000000000000e+00
   4.8600000000000000e+02   2.0400000000000000e+02   2.2400000000000000e+02   2.5585071633727088e-03   0.0000000000000000e+00
   4.8700000000000000e+02   2.0500000000000000e+02   2.0600000000000000e+02   2.9284933009511059e-03   0.0000000000000000e+00
   4.8800000000000000e+02   2.0500000000000000e+02   2.1400000000000000e+02   2.5743699814763741e-03   0.0000000000000000e+00
   4.8900000000000000e+02   2.0500000000000000e+02   2.1500000000000000e+02   3.0686612467536027e-03   0.0000000000000000e+00
   4.9000000000000000e+02   2.0500000000000000e+02   2.2700000000000000e+02   3.1958176190591664e-03   0.0000000000000000e+00
   4.9100000000000000e+02   2.0600000000000000e+02   2.0700000000000000e+02   2.6403490171050714e-03   0.0000000000000000e+00
   4.9200000000000000e+02   2.0600000000000000e+02   2.1500000000000000e+02   3.0917144418080608e-03   0.0000000000000000e+00
   4.9300000000000000e+02   2.0700000000000000e+02   2.0800000000000000e+02   2.6923826269929074e-03   0.0000000000000000e+00
   4.9400000000000000e+02   2.0700000000000000e+02   2.1500000000000000e+02   2.4970387857385259e-03   0.0000000000000000e+00
   4.9500000000000000e+02   2.0800000000000000e+02   2.1500000000000000e+02   3.0380913714917824e-03   0.0000000000000000e+00
   4.9600000000000000e+02   2.0800000000000000e+02   2.1600000000000000e+02   2.8025459404128262e-03   0.0000000000000000e+00
   4.9700000000000000e+02   2.0800000000000000e+02   2.2100000000000000e+02   2.7539533172988603e-03   0.0000000000000000e+00
   4.9800000000000000e+02   2.0900000000000000e+02   2.1000000000000000e+02   2.9914323947608395e-03   0.0000000000000000e+00
   4.9900000000000000e+02   2.0900000000000000e+02   2.1600000000000000e+02   2.7063359323970995e-03   0.0000000000000000e+00
   5.0000000000000000e+02   2.0900000000000000e+02   2.2000000000000000e+02   2.9686404689888571e-03   0.0000000000000000e+00
   5.0100000000000000e+02   2.1000000000000000e+02   2.1700000000000000e+02   3.3028652261966277e-03   0.0000000000000000e+00
   5.0200000000000000e+02   2.1000000000000000e+02   2.2000000000000000e+02   4.0829529584047860e-03   0.0000000000000000e+00
   5.0300000000000000e+02   2.1100000000000000e+02   2.1700000000000000e+02   2.9794678981265618e-03   0.0000000000000000e+00
   5.0400000000000000e+02   2.1100000000000000e+02   2.1800000000000000e+02   3.2564254920804539e-03   0.0000000000000000e+00
   5.0500000000000000e+02   2.1100000000000000e+02   2.2300000000000000e+02   2.6297606802236175e-03   0.0000000000000000e+00
   5.0600000000000000e+02   2.1100000000000000e+02   2.2500000000000000e+02   3.2074112569466270e-03   0.0000000000000000e+00
   5.0700000000000000e+02   2.1200000000000000e+02   2.2200000000000000e+02   2.9402413052831743e-03   0.0000000000000000e+00
   5.0800000000000000e+02   2.1200000000000000e+02   2.2600000000000000e+02   2.7419852896354178e-03   0.0000000000000000e+00
   5.0900000000000000e+02   2.1300000000000000e+02   2.1900000000000000e+02   2.9863041013256197e-03   0.0000000000000000e+00
   5.1000000000000000e+02   2.1300000000000000e+02   2.2400000000000000e+02   2.2724590137936647e-03   0.0000000000000000e+00
   5.1100000000000000e+02   2.1400000000000000e+02   2.2400000000000000e+02   2.2853776289060092e-03   0.0000000000000000e+00
   5.1200000000000000e+02   2.1400000000000000e+02   2.2700000000000000e+02   3.4935469983883747e-03   0.0000000000000000e+00
   5.1300000000000000e+02   2.1500000000000000e+02   2.2100000000000000e+02   3.2420737971858198e-03   0.0000000000000000e+00
   5.1400000000000000e+02   2.1500000000000000e+02   2.2700000000000000e+02   2.9035631793011395e-03   0.0000000000000000e+00
   5.1500000000000000e+02   2.1600000000000000e+02   2.2000000000000000e+02   3.1893201863019229e-03   0.0000000000000000e+00
   5.1600000000000000e+02   2.1600000000000000e+02   2.2100000000000000e+02   3.1979211081701359e-03   0.0000000000000000e+00
   5.1700000000000000e+02   2.1700000000000000e+02   2.2000000000000000e+02   3.7658104836679335e-03   0.0000000000000000e+00
   5.1800000000000000e+02   2.1700000000000000e+02   2.2500000000000000e+02   3.1669740814214732e-03   0.0000000000000000e+00
   5.1900000000000000e+02   2.1800000000000000e+02   2.2200000000000000e+02   3.4352201782741456e-03   0.0000000000000000e+00
   5.2000000000000000e+02   2.1800000000000000e+02   2.2300000000000000e+02   2.6617760641728327e-03   0.0000000000000000e+00
   5.2100000000000000e+02   2.1900000000000000e+02   2.2400000000000000e+02   2.4735206083149625e-03   0.0000000000000000e+00
   5.2200000000000000e+02   2.1900000000000000e+02   2.2600000000000000e+02   2.6978150214308962e-03   0.0000000000000000e+00
   5.2300000000000000e+02   2.1900000000000000e+02   2.2700000000000000e+02   2.9726753812880503e-03   0.0000000000000000e+00
   5.2400000000000000e+02   2.1900000000000000e+02   2.2800000000000000e+02   3.5579683708015118e-03   0.0000000000000000e+00
   5.2500000000000000e+02   2.2000000000000000e+02   2.2100000000000000e+02   3.8769190821449705e-03   0.0000000000000000e+00
   5.2600000000000000e+02   2.2000000000000000e+02   2.2500000000000000e+02   2.9461220279902943e-03   0.0000000000000000e+00
   5.2700000000000000e+02   2.2000000000000000e+02   2.2800000000000000e+02   4.1249713985703103e-03   0.0000000000000000e+00
   5.2800000000000000e+02   2.2100000000000000e+02   2.2700000000000000e+02   3.7228871133376169e-03   0.0000000000000000e+00
   5.2900000000000000e+02   2.2100000000000000e+02   2.2800000000000000e+02   2.9891064600116573e-03   0.0000000000000000e+00
   5.3000000000000000e+02   2.2200000000000000e+02   2.2300000000000000e+02   2.5680446564870928e-03   0.0000000000000000e+00
   5.3100000000000000e+02   2.2200000000000000e+02   2.2600000000000000e+02   2.8345790684486676e-03   0.0000000000000000e+00
   5.3200000000000000e+02   2.2200000000000000e+02   2.2900000000000000e+02   2.4230640935488192e-03   0.0000000000000000e+00
   5.3300000000000000e+02   2.2300000000000000e+02   2.2500000000000000e+02   2.5358790975220022e-03   0.0000000000000000e+00
   5.3400000000000000e+02   2.2300000000000000e+02   2.2900000000000000e+02   2.3157055360525963e-03   0.0000000000000000e+00
   5.3500000000000000e+02   2.2400000000000000e+02   2.2700000000000000e+02   2.7869723417562218e-03   0.0000000000000000e+00
   5.3600000000000000e+02   2.2500000000000000e+02   2.2800000000000000e+02   3.6955498381159484e-03   0.0000000000000000e+00
   5.3700000000000000e+02   2.2500000000000000e+02   2.2900000000000000e+02   2.6479932356643556e-03   0.0000000000000000e+00
   5.3800000000000000e+02   2.2600000000000000e+02   2.2800000000000000e+02   3.2266220175088496e-03   0.0000000000000000e+00
   5.3900000000000000e+02   2.2600000000000000e+02   2.2900000000000000e+02   2.5470580030843492e-03   0.0000000000000000e+00
   5.4000000000000000e+02   2.2700000000000000e+02   2.2800000000000000e+02   3.9167973162339215e-03   0.0000000000000000e+00
   5.4100000000000000e+02   2.2800000000000000e+02   2.2900000000000000e+02   2.6828262576063465e-03   0.0000000000000000e+00
   5.4200000000000000e+02   2.3000000000000000e+02   2.3900000000000000e+02   2.5159488442037213e-03   0.0000000000000000e+00
   5.4300000000000000e+02   2.3100000000000000e+02   2.3900000000000000e+02   2.6269008771521232e-03   0.0000000000000000e+00
   5.4400000000000000e+02   2.3100000000000000e+02   2.4000000000000000e+02   2.7016544630775541e-03   0.0000000000000000e+00
   5.4500000000000000e+02   2.3200000000000000e+02   2.4000000000000000e+02   2.3814992268854497e-03   0.0000000000000000e+00
   5.4600000000000000e+02   2.3300000000000000e+02   2.4000000000000000e+02   2.6211221004458570e-03   0.0000000000000000e+00
   5.4700000000000000e+02   2.3300000000000000e+02   2.4100000000000000e+02   2.3814965123164773e-03   0.0000000000000000e+00
   5.4800000000000000e+02   2.3400000000000000e+02   2.4100000000000000e+02   1.9929787195841755e-03   0.0000000000000000e+00
   5.4900000000000000e+02   2.3500000000000000e+02   2.4100000000000000e+02   2.7670577830653477e-03   0.0000000000000000e+00
   5.5000000000000000e+02   2.3600000000000000e+02   2.4100000000000000e+02   2.3688642887202123e-03   0.0000000000000000e+00
   5.5100000000000000e+02   2.3600000000000000e+02   2.4300000000000000e+02   2.8376118537307830e-03   0.0000000000000000e+00
   5.5200000000000000e+02   2.3700000000000000e+02   2.4200000000000000e+02   2.7586580955680467e-03   0.0000000000000000e+00
   5.5300000000000000e+02   2.3700000000000000e+02   2.4300000000000000e+02   2.7468861955155244e-03   0.0000000000000000e+00
   5.5400000000000000e+02   2.3800000000000000e+02   2.4200000000000000e+02   2.5624928290980628e-03   0.0000000000000000e+00
   5.5500000000000000e+02   2.3900000000000000e+02   2.4000000000000000e+02   2.9555064233896646e-03   0.0000000000000000e+00
   5.5600000000000000e+02   2.3900000000000000e+02   2.4400000000000000e+02   2.5361614150336761e-03   0.0000000000000000e+00
   5.5700000000000000e+02   2.4000000000000000e+02   2.4100000000000000e+02   2.8595833455899514e-03   0.0000000000000000e+00
   5.5800000000000000e+02   2.4000000000000000e+02   2.4300000000000000e+02   2.8045970014180105e-03   0.0000000000000000e+00
   5.5900000000000000e+02   2.4000000000000000e+02   2.4400000000000000e+02   2.6871749172353290e-03   0.0000000000000000e+00
   5.6000000000000000e+02   2.4100000000000000e+02   2.4300000000000000e+02   2.3478473494629401e-03   0.0000000000000000e+00
   5.6100000000000000e+02   2.4200000000000000e+02   2.4300000000000000e+02   2.3852266085525363e-03   0.0000000000000000e+00
   5.6200000000000000e+02   2.4200000000000000e+02   2.4400000000000000e+02   2.5582112204477142e-03   0.0000000000000000e+00
   5.6300000000000000e+02   2.4300000000000000e+02   2.4400000000000000e+02   2.8295579156411539e-03   0.0000000000000000e+00
